#nages
8
#nyrs
30
#npops_EM
1
#nregions_EM
 1
#nfleets_EM
 1
#nfleets_survey_EM
 1
#npops_OM
1
#nregions_OM
 2
#nfleets_OM
 1
#nfleets_survey_OM
 1
#tsurvey_EM
 0.5
#diagnostics_switch
0
#fleets_as_areas_switch
0
#move_switch
0
#natal_homing_switch
0
#spawn_return_switch
0
#select_switch
1
#select_switch_survey
1
#maturity_switch_equil
0
#SSB_type
2
#Rec_type
1
#apportionment_type
1
#use_stock_comp_info_survey
0
#use_stock_comp_info_catch
0
#F_switch
1
#recruit_devs_switch
1
#recruit_randwalk_switch
0
#init_abund_switch
0
#tspawn_EM
 0.85
#return_age
7
#return_probability
 1
#spawn_return_prob
 1
#do_tag
0
#do_tag_mult
1
#sigma_recruit_EM
 0.84
#ph_lmr
-1
#lb_R_ave
5
#ub_R_ave
30
#ph_rec
1
#lb_rec_devs
-40
#ub_rec_devs
10
#ph_rec_app_CNST
-4
#ph_rec_app_YR
-4
#ph_abund_devs
1
#ph_reg_init
-2
#ph_non_natal_init
-1
#lb_abund_devs
-40
#ub_abund_devs
10
#ph_F
3
#ph_steep
-1
#ph_M
-1
#ph_sel_log
4
#lb_sel_beta1
-10
#ub_sel_beta1
5
#lb_sel_beta2
-10
#ub_sel_beta2
5
#lb_sel_beta1_surv
-10
#ub_sel_beta1_surv
5
#lb_sel_beta2_surv
-10
#ub_sel_beta2_surv
5
#ph_sel_log_surv
4
#ph_sel_dubl
-5
#ph_sel_dubl_surv
-5
#ph_q
1
#lb_q
-15
#ub_q
5
#ph_F_rho
-1
#ph_T_YR
-4
#ph_T_CNST
-4
#ph_dummy
-1
#wt_surv
1
#wt_catch
1
#wt_fish_age
1
#wt_srv_age
1
#wt_rec
0.1
#wt_tag
0
#abund_pen_switch
0
#move_pen_switch
0
#Tpen
-5
#Tpen2
5
#input_weight
 0.02 0.04 0.08 0.1 0.13 0.16 0.17 0.19
#input_catch_weight
 0.014 0.044 0.085 0.114 0.14 0.158 0.167 0.167
#fecundity
 1 1 1 1 1 1 1 1
#maturity
 0.079 0.322 0.725 0.936 0.988 0.998 1 1
#prop_fem
0.5
#OBS_rec_index_BM
 2.67626e+006 685683 2.55533e+006 209017 770018 1.63982e+006 653728 488757 55917.2 486375 1.52794e+006 1.17632e+006 315905 710447 416731 3.18519e+006 1.46172e+006 1.21003e+006 430803 780602 1.26019e+006 476722 1.48712e+006 1.23635e+006 2.62634e+006 736904 4.237e+006 4.28124e+006 1.57009e+006 1.35437e+006
#OBS_survey_fleet
 10.2639 10.3573 14.8695 16.8027 6.09363 8.49185 9.4735 12.0208 19.9155 18.0671 8.01902 9.57167 6.25068 2.73984 9.21545 4.12375 4.12503 8.95111 7.60946 9.52577 8.97083 10.3873 6.45957 11.8207 13.1183 12.7354 8.46125 21.3731 17.8294 20.0019
#OBS_survey_fleet_bio_se_EM
 0.5
 0.5
 0.5
 0.5
 0.5
 0.5
 0.5
 0.5
 0.5
 0.5
 0.5
 0.5
 0.5
 0.5
 0.5
 0.5
 0.5
 0.5
 0.5
 0.5
 0.5
 0.5
 0.5
 0.5
 0.5
 0.5
 0.5
 0.5
 0.5
 0.5

#OBS_survey_prop
 0.025 0.095 0.23 0.23 0.2 0.085 0.105 0.03
 0.005 0.15 0.205 0.18 0.16 0.12 0.075 0.105
 0.01 0.0600014 0.284995 0.199926 0.155079 0.10479 0.105265 0.0800694
 0.005 0.135 0.0700027 0.334993 0.169975 0.115103 0.0698828 0.1
 0.015 0.06 0.260003 0.1 0.234939 0.1 0.0951222 0.13496
 0.05 0.0850008 0.125025 0.374902 0.0951279 0.0998445 0.0548882 0.11506
 0.04 0.309975 0.1947 0.0903177 0.144866 0.0596116 0.075714 0.0873439
 0.005 0.155017 0.519579 0.094895 0.0300596 0.0951819 0.0149911 0.0849433
 0 0.0299957 0.415186 0.395014 0.0749168 0.0201669 0.0249354 0.0397687
 0.005 0.015001 0.0699742 0.470058 0.294952 0.0650398 0.0250438 0.0549627
 0.05 0.0650238 0.0401835 0.0847681 0.384022 0.264463 0.0447531 0.0672522
 0.015 0.264975 0.16118 0.0584034 0.0827184 0.227244 0.144773 0.0421967
 0.075 0.114997 0.424877 0.105407 0.05 0.0419884 0.101488 0.09
 0.025 0.235004 0.184993 0.384997 0.0553339 0.0152606 0.01 0.0948344
 0.015 0.0649918 0.540067 0.174887 0.170199 0.0150334 0.00516211 0.0131145
 0.02 0.11989 0.162723 0.488499 0.1403 0.0587956 0.0129291 0.00374364
 0.045 0.18 0.234924 0.118023 0.28745 0.0509084 0.0713297 0.0163251
 0.015 0.194997 0.390031 0.180001 0.0404445 0.138185 0.015799 0.0261936
 0 0.16 0.325006 0.290186 0.104982 0.02 0.0625178 0.0437739
 0.02 0.100001 0.315004 0.269992 0.17 0.065003 0.0147785 0.0444073
 0.04 0.109996 0.15 0.375254 0.205091 0.0751416 0.0344878 0.01
 0.035 0.125 0.325032 0.15 0.199764 0.0848967 0.0496865 0.029982
 0.045 0.164997 0.314994 0.190031 0.0600469 0.0999443 0.0897441 0.0349387
 0.005 0.245013 0.24 0.239913 0.144785 0.0347536 0.04 0.05
 0.03 0.0300045 0.425098 0.23476 0.129414 0.0747772 0.0252734 0.0506154
 0 0.22 0.119881 0.38526 0.15 0.0745414 0.0254691 0.0248468
 0.07 0.0700031 0.38518 0.055302 0.224217 0.09 0.0405658 0.0640787
 0.03 0.27001 0.0898504 0.395663 0.02 0.127365 0.035445 0.0289008
 0 0.135085 0.484872 0.0695736 0.174667 0.02623 0.0762701 0.03
 0.01 0.05 0.245017 0.481141 0.0152386 0.133888 0.0190859 0.0424539
#OBS_survey_prop_N_EM
 100
 100
 100
 100
 100
 100
 100
 100
 100
 100
 100
 100
 100
 100
 100
 100
 100
 100
 100
 100
 100
 100
 100
 100
 100
 100
 100
 100
 100
 100

#OBS_yield_fleet
 18088.4 30398 35309.1 39306.4 84064.6 68533.7 61537 62418.6 73867.2 126677 80367 70889.7 64103.2 82977.6 103664 66053.4 57272.6 56460.8 59437.9 56827 56168.2 66767.5 44598.5 22959.7 33564.4 67973.7 87825.4 60931.7 21591.5 83059.5
#OBS_yield_fleet_se_EM
 0.1
 0.1
 0.1
 0.1
 0.1
 0.1
 0.1
 0.1
 0.1
 0.1
 0.1
 0.1
 0.1
 0.1
 0.1
 0.1
 0.1
 0.1
 0.1
 0.1
 0.1
 0.1
 0.1
 0.1
 0.1
 0.1
 0.1
 0.1
 0.1
 0.1

#OBS_catch_prop
 0.01 0.09 0.16 0.165 0.19 0.14 0.135 0.11
 0 0.12 0.19 0.175 0.13 0.13 0.135 0.12
 0.025 0.0349997 0.214986 0.115009 0.174921 0.16014 0.100118 0.174965
 0.005 0.165 0.0949987 0.219987 0.13995 0.124979 0.110059 0.14
 0.015 0.0700001 0.299994 0.0399949 0.220035 0.120093 0.0449756 0.190081
 0.045 0.110002 0.054982 0.245038 0.0749858 0.144922 0.124739 0.200241
 0.01 0.270044 0.145043 0.0598411 0.254866 0.0407768 0.089048 0.126875
 0 0.194998 0.34515 0.110126 0.0749105 0.124818 0.0150089 0.135011
 0 0.0399979 0.270074 0.330025 0.105139 0.0249583 0.105194 0.125578
 0 0.014999 0.0450387 0.36 0.415048 0.0548011 0.03 0.0800249
 0.025 0.0499932 0.0349541 0.0796908 0.351956 0.373748 0.0357407 0.0493565
 0.01 0.279867 0.100472 0.03 0.0790939 0.258445 0.157614 0.0943933
 0.015 0.144998 0.379965 0.0848644 0.0494075 0.0454971 0.161488 0.121988
 0.015 0.25 0.154926 0.394984 0.0497774 0.01 0.0190956 0.104194
 0.015 0.0849942 0.330133 0.22466 0.275448 0.0251003 0.00967577 0.0368855
 0.045 0.179963 0.074747 0.322501 0.159292 0.169927 0.0141418 0.0425127
 0.02 0.255 0.18 0.07 0.29353 0.0641559 0.0973406 0.0236749
 0.03 0.180004 0.299938 0.164999 0.0691109 0.158176 0.06 0.04
 0.005 0.194999 0.260099 0.269926 0.14484 0.0296096 0.0491607 0.0478305
 0.005 0.115002 0.299953 0.29 0.17496 0.0499881 0.0247785 0.0411855
 0.035 0.139992 0.115084 0.279797 0.220365 0.124858 0.0651707 0.02
 0.03 0.185 0.205005 0.159934 0.205177 0.119793 0.07 0.025009
 0.045 0.179996 0.245056 0.139953 0.114965 0.205139 0.0396161 0.03
 0.02 0.269992 0.12502 0.23 0.159857 0.08 0.05 0.0653783
 0.025 0.0399955 0.390785 0.144279 0.194267 0.0986632 0.04 0.0640769
 0 0.200027 0.08 0.354913 0.109752 0.104541 0.0745309 0.0754595
 0.045 0.0649923 0.289897 0.0597987 0.270313 0.137492 0.0435855 0.0893858
 0.015 0.359979 0.0400748 0.21981 0.0452185 0.185988 0.0672249 0.0678017
 0 0.0650094 0.399489 0.0604264 0.256 0.02541 0.103601 0.09
 0.005 0.0500011 0.175017 0.424857 0.0395228 0.142405 0.0309141 0.133055
#OBS_catch_prop_N_EM
 100
 100
 100
 100
 100
 100
 100
 100
 100
 100
 100
 100
 100
 100
 100
 100
 100
 100
 100
 100
 100
 100
 100
 100
 100
 100
 100
 100
 100
 100

#nyrs_release
30
#years_of_tag_releases 
 1 2 3 4 5 6 7 8 9 10 11 12 13 14 15 16 17 18 19 20 21 22 23 24 25 26 27 28 29 30
#max_life_tags
5
#report_rate_EM
 1
 1
 1
 1
 1
 1
 1
 1
 1
 1
 1
 1
 1
 1
 1
 1
 1
 1
 1
 1
 1
 1
 1
 1
 1
 1
 1
 1
 1
 1
#ntags
 0 0 0 0 0 0 0 0
 0 0 0 0 0 0 0 0
 0 0 0 0 0 0 0 0
 0 0 0 0 0 0 0 0
 0 0 0 0 0 0 0 0
 0 0 0 0 0 0 0 0
 0 0 0 0 0 0 0 0
 0 0 0 0 0 0 0 0
 0 0 0 0 0 0 0 0
 0 0 0 0 0 0 0 0
 0 0 0 0 0 0 0 0
 0 0 0 0 0 0 0 0
 0 0 0 0 0 0 0 0
 0 0 0 0 0 0 0 0
 0 0 0 0 0 0 0 0
 0 0 0 0 0 0 0 0
 0 0 0 0 0 0 0 0
 0 0 0 0 0 0 0 0
 0 0 0 0 0 0 0 0
 0 0 0 0 0 0 0 0
 0 0 0 0 0 0 0 0
 0 0 0 0 0 0 0 0
 0 0 0 0 0 0 0 0
 0 0 0 0 0 0 0 0
 0 0 0 0 0 0 0 0
 0 0 0 0 0 0 0 0
 0 0 0 0 0 0 0 0
 0 0 0 0 0 0 0 0
 0 0 0 0 0 0 0 0
 0 0 0 0 0 0 0 0
#ntags_total
 0 0 0 0 0 0 0 0 0 0 0 0 0 0 0 0 0 0 0 0 0 0 0 0 0 0 0 0 0 0
#tag_N_EM
 500 500 500 500 500 500 500 500
 500 500 500 500 500 500 500 500
 500 500 500 500 500 500 500 500
 500 500 500 500 500 500 500 500
 500 500 500 500 500 500 500 500
 500 500 500 500 500 500 500 500
 500 500 500 500 500 500 500 500
 500 500 500 500 500 500 500 500
 500 500 500 500 500 500 500 500
 500 500 500 500 500 500 500 500
 500 500 500 500 500 500 500 500
 500 500 500 500 500 500 500 500
 500 500 500 500 500 500 500 500
 500 500 500 500 500 500 500 500
 500 500 500 500 500 500 500 500
 500 500 500 500 500 500 500 500
 500 500 500 500 500 500 500 500
 500 500 500 500 500 500 500 500
 500 500 500 500 500 500 500 500
 500 500 500 500 500 500 500 500
 500 500 500 500 500 500 500 500
 500 500 500 500 500 500 500 500
 500 500 500 500 500 500 500 500
 500 500 500 500 500 500 500 500
 500 500 500 500 500 500 500 500
 500 500 500 500 500 500 500 500
 500 500 500 500 500 500 500 500
 500 500 500 500 500 500 500 500
 500 500 500 500 500 500 500 500
 500 500 500 500 500 500 500 500

#input_T_EM
 1
 1
 1
 1
 1
 1
 1
 1


#OBS_tag_prop_pan_final
 0 0 0 0 0 0
 0 0 0 0 0 0
 0 0 0 0 0 0
 0 0 0 0 0 0
 0 0 0 0 0 0
 0 0 0 0 0 0
 0 0 0 0 0 0
 0 0 0 0 0 0
 0 0 0 0 0 0
 0 0 0 0 0 0
 0 0 0 0 0 0
 0 0 0 0 0 0
 0 0 0 0 0 0
 0 0 0 0 0 0
 0 0 0 0 0 0
 0 0 0 0 0 0
 0 0 0 0 0 0
 0 0 0 0 0 0
 0 0 0 0 0 0
 0 0 0 0 0 0
 0 0 0 0 0 0
 0 0 0 0 0 0
 0 0 0 0 0 0
 0 0 0 0 0 0
 0 0 0 0 0 0
 0 0 0 0 0 0
 0 0 0 0 0 0
 0 0 0 0 0 0
 0 0 0 0 0 0
 0 0 0 0 0 0
 0 0 0 0 0 0
 0 0 0 0 0 0
 0 0 0 0 0 0
 0 0 0 0 0 0
 0 0 0 0 0 0
 0 0 0 0 0 0
 0 0 0 0 0 0
 0 0 0 0 0 0
 0 0 0 0 0 0
 0 0 0 0 0 0
 0 0 0 0 0 0
 0 0 0 0 0 0
 0 0 0 0 0 0
 0 0 0 0 0 0
 0 0 0 0 0 0
 0 0 0 0 0 0
 0 0 0 0 0 0
 0 0 0 0 0 0
 0 0 0 0 0 0
 0 0 0 0 0 0
 0 0 0 0 0 0
 0 0 0 0 0 0
 0 0 0 0 0 0
 0 0 0 0 0 0
 0 0 0 0 0 0
 0 0 0 0 0 0
 0 0 0 0 0 0
 0 0 0 0 0 0
 0 0 0 0 0 0
 0 0 0 0 0 0
 0 0 0 0 0 0
 0 0 0 0 0 0
 0 0 0 0 0 0
 0 0 0 0 0 0
 0 0 0 0 0 0
 0 0 0 0 0 0
 0 0 0 0 0 0
 0 0 0 0 0 0
 0 0 0 0 0 0
 0 0 0 0 0 0
 0 0 0 0 0 0
 0 0 0 0 0 0
 0 0 0 0 0 0
 0 0 0 0 0 0
 0 0 0 0 0 0
 0 0 0 0 0 0
 0 0 0 0 0 0
 0 0 0 0 0 0
 0 0 0 0 0 0
 0 0 0 0 0 0
 0 0 0 0 0 0
 0 0 0 0 0 0
 0 0 0 0 0 0
 0 0 0 0 0 0
 0 0 0 0 0 0
 0 0 0 0 0 0
 0 0 0 0 0 0
 0 0 0 0 0 0
 0 0 0 0 0 0
 0 0 0 0 0 0
 0 0 0 0 0 0
 0 0 0 0 0 0
 0 0 0 0 0 0
 0 0 0 0 0 0
 0 0 0 0 0 0
 0 0 0 0 0 0
 0 0 0 0 0 0
 0 0 0 0 0 0
 0 0 0 0 0 0
 0 0 0 0 0 0
 0 0 0 0 0 0
 0 0 0 0 0 0
 0 0 0 0 0 0
 0 0 0 0 0 0
 0 0 0 0 0 0
 0 0 0 0 0 0
 0 0 0 0 0 0
 0 0 0 0 0 0
 0 0 0 0 0 0
 0 0 0 0 0 0
 0 0 0 0 0 0
 0 0 0 0 0 0
 0 0 0 0 0 0
 0 0 0 0 0 0
 0 0 0 0 0 0
 0 0 0 0 0 0
 0 0 0 0 0 0
 0 0 0 0 0 0
 0 0 0 0 0 0
 0 0 0 0 0 0
 0 0 0 0 0 0
 0 0 0 0 0 0
 0 0 0 0 0 0
 0 0 0 0 0 0
 0 0 0 0 0 0
 0 0 0 0 0 0
 0 0 0 0 0 0
 0 0 0 0 0 0
 0 0 0 0 0 0
 0 0 0 0 0 0
 0 0 0 0 0 0
 0 0 0 0 0 0
 0 0 0 0 0 0
 0 0 0 0 0 0
 0 0 0 0 0 0
 0 0 0 0 0 0
 0 0 0 0 0 0
 0 0 0 0 0 0
 0 0 0 0 0 0
 0 0 0 0 0 0
 0 0 0 0 0 0
 0 0 0 0 0 0
 0 0 0 0 0 0
 0 0 0 0 0 0
 0 0 0 0 0 0
 0 0 0 0 0 0
 0 0 0 0 0 0
 0 0 0 0 0 0
 0 0 0 0 0 0
 0 0 0 0 0 0
 0 0 0 0 0 0
 0 0 0 0 0 0
 0 0 0 0 0 0
 0 0 0 0 0 0
 0 0 0 0 0 0
 0 0 0 0 0 0
 0 0 0 0 0 0
 0 0 0 0 0 0
 0 0 0 0 0 0
 0 0 0 0 0 0
 0 0 0 0 0 0
 0 0 0 0 0 0
 0 0 0 0 0 0
 0 0 0 0 0 0
 0 0 0 0 0 0
 0 0 0 0 0 0
 0 0 0 0 0 0
 0 0 0 0 0 0
 0 0 0 0 0 0
 0 0 0 0 0 0
 0 0 0 0 0 0
 0 0 0 0 0 0
 0 0 0 0 0 0
 0 0 0 0 0 0
 0 0 0 0 0 0
 0 0 0 0 0 0
 0 0 0 0 0 0
 0 0 0 0 0 0
 0 0 0 0 0 0
 0 0 0 0 0 0
 0 0 0 0 0 0
 0 0 0 0 0 0
 0 0 0 0 0 0
 0 0 0 0 0 0
 0 0 0 0 0 0
 0 0 0 0 0 0
 0 0 0 0 0 0
 0 0 0 0 0 0
 0 0 0 0 0 0
 0 0 0 0 0 0
 0 0 0 0 0 0
 0 0 0 0 0 0
 0 0 0 0 0 0
 0 0 0 0 0 0
 0 0 0 0 0 0
 0 0 0 0 0 0
 0 0 0 0 0 0
 0 0 0 0 0 0
 0 0 0 0 0 0
 0 0 0 0 0 0
 0 0 0 0 0 0
 0 0 0 0 0 0
 0 0 0 0 0 0
 0 0 0 0 0 0
 0 0 0 0 0 0
 0 0 0 0 0 0
 0 0 0 0 0 0
 0 0 0 0 0 0
 0 0 0 0 0 0
 0 0 0 0 0 0
 0 0 0 0 0 0
 0 0 0 0 0 0
 0 0 0 0 0 0
 0 0 0 0 0 0
 0 0 0 0 0 0
 0 0 0 0 0 0
 0 0 0 0 0 0
 0 0 0 0 0 0
 0 0 0 0 0 0
 0 0 0 0 0 0
 0 0 0 0 0 0
 0 0 0 0 0 0
 0 0 0 0 0 0
 0 0 0 0 0 0
 0 0 0 0 0 0
 0 0 0 0 0 0
 0 0 0 0 0 0
 0 0 0 0 0 0
 0 0 0 0 0 0
 0 0 0 0 0 0
 0 0 0 0 0 0
 0 0 0 0 0 0
 0 0 0 0 0 0
 0 0 0 0 0 0
 0 0 0 0 0 0
 0 0 0 0 0 0
 0 0 0 0 0 0
 0 0 0 0 0 0
 0 0 0 0 0 0
 0 0 0 0 0 0
#input_M_EM
 0.35 0.35 0.35 0.35 0.35 0.35 0.35 0.35
#input_Rec_Prop_EM
 1 1 1 1 1 1 1 1 1 1 1 1 1 1 1 1 1 1 1 1 1 1 1 1 1 1 1 1 1 1
#input_selectivity_EM
 0.01
 0.09
 0.32
 0.44
 0.55
 0.7
 1
 1

#input_survey_selectivity_EM
 0.03
 0.2
 0.63
 0.92
 0.98
 1
 1
 1

#input_M_TRUE
 0.35 0.35 0.35 0.35 0.35 0.35 0.35 0.35
#init_abund_TRUE
 1.60438e+006 1.13058e+006 796709 561431 395634 278799 196466 138447
 1.60438e+006 1.13058e+006 796709 561431 395634 278799 196466 138447
#q_survey
 3.48e-005
 3.48e-005
#sel_beta1
 0.8
 0.8
#sel_beta2
 4.4
 4.4
#sel_beta3
 -0.6
 -0.6
#sel_beta4
 20
 20
#sel_beta1_survey
 2
 2
#sel_beta2_survey
 2.7
 2.7
#sel_beta3_survey
 -0.6
 -0.6
#sel_beta4_survey
 20
 20
#steep
 1
#R_ave
 3.20875e+006
#SSB_zero
 333664
#rec_devs
 1.1509 0.30614 1.0536 0.32082 0.521702 1.73167 1.41265 0.259722 0.108654 0.246318 0.958629 0.559891 1.11704 0.258968 0.468085 0.846799 0.842279 0.808544 0.398755 0.680194 0.790289 0.817946 1.66327 0.369046 1.60815 0.328947 2.79811 1.38535 0.535705 0.734493
#Rec_Prop
 0.5 0.5 0.5 0.5 0.5 0.5 0.5 0.5 0.5 0.5 0.5 0.5 0.5 0.5 0.5 0.5 0.5 0.5 0.5 0.5 0.5 0.5 0.5 0.5 0.5 0.5 0.5 0.5 0.5 0.5
 0.5 0.5 0.5 0.5 0.5 0.5 0.5 0.5 0.5 0.5 0.5 0.5 0.5 0.5 0.5 0.5 0.5 0.5 0.5 0.5 0.5 0.5 0.5 0.5 0.5 0.5 0.5 0.5 0.5 0.5
#recruits_BM
 1.60438e+006 491163 1.69036e+006 514715 837006 2.77825e+006 2.26642e+006 416691 174322 395187 1.538e+006 898276 1.79215e+006 415482 750983 1.35858e+006 1.35133e+006 1.29721e+006 639753 1.09129e+006 1.26792e+006 1.31229e+006 2.6685e+006 592089 2.58008e+006 527754 4.48921e+006 2.22262e+006 859471 1.1784e+006
 1.60438e+006 491163 1.69036e+006 514715 837006 2.77825e+006 2.26642e+006 416691 174322 395187 1.538e+006 898276 1.79215e+006 415482 750983 1.35858e+006 1.35133e+006 1.29721e+006 639753 1.09129e+006 1.26792e+006 1.31229e+006 2.6685e+006 592089 2.58008e+006 527754 4.48921e+006 2.22262e+006 859471 1.1784e+006
#F
 0.00432624 0.00895031 0.0172208 0.0294473 0.0432424 0.0547715 0.0622261 0.0662794
 0.00728118 0.0150636 0.028983 0.0495606 0.072778 0.0921818 0.104728 0.11155
 0.00792999 0.0164059 0.0315657 0.0539768 0.0792631 0.100396 0.11406 0.12149
 0.0101517 0.0210022 0.0404092 0.0690992 0.10147 0.128523 0.146016 0.155527
 0.018234 0.0377233 0.0725814 0.124113 0.182256 0.230848 0.262268 0.279351
 0.0144134 0.0298191 0.0573732 0.0981073 0.144067 0.182478 0.207314 0.220818
 0.0214724 0.0444229 0.0854717 0.146155 0.214624 0.271846 0.308846 0.328964
 0.0160938 0.0332955 0.064062 0.109545 0.160863 0.203752 0.231484 0.246562
 0.0207693 0.0429683 0.0826729 0.14137 0.207596 0.262945 0.298733 0.318192
 0.0248369 0.0513837 0.0988645 0.169057 0.248254 0.314443 0.35724 0.38051
 0.0135033 0.0279362 0.0537504 0.0919124 0.13497 0.170955 0.194223 0.206875
 0.024966 0.0516506 0.099378 0.169935 0.249544 0.316076 0.359095 0.382486
 0.0308729 0.0638711 0.122891 0.210142 0.308586 0.39086 0.444057 0.472983
 0.0392523 0.0812068 0.156246 0.267178 0.392341 0.496946 0.564582 0.601358
 0.0773634 0.160053 0.307948 0.526587 0.773275 0.979443 1.11275 1.18523
 0.035447 0.0733341 0.141098 0.241276 0.354305 0.448769 0.509848 0.543059
 0.0327787 0.0678139 0.130477 0.223114 0.327635 0.414988 0.471469 0.50218
 0.031077 0.0642935 0.123703 0.211531 0.310626 0.393444 0.446994 0.47611
 0.0311727 0.0644914 0.124084 0.212182 0.311582 0.394656 0.44837 0.477576
 0.0275671 0.0570319 0.109732 0.18764 0.275543 0.349007 0.396508 0.422336
 0.0244031 0.0504861 0.0971375 0.166104 0.243918 0.30895 0.350999 0.373863
 0.0265638 0.0549564 0.105738 0.180811 0.265515 0.336306 0.382078 0.406966
 0.0178102 0.0368464 0.0708941 0.121228 0.178019 0.225482 0.256171 0.272858
 0.0103772 0.0214688 0.0413069 0.0706342 0.103724 0.131379 0.14926 0.158982
 0.00251959 0.00521263 0.0100293 0.01715 0.0251842 0.0318987 0.0362402 0.0386009
 0.0124585 0.0257746 0.0495914 0.0848006 0.124527 0.157728 0.179195 0.190868
 0.0127496 0.026377 0.0507504 0.0867825 0.127437 0.161414 0.183383 0.195328
 0.0257538 0.0532805 0.102514 0.175298 0.257419 0.326051 0.370427 0.394557
 0.00432624 0.00895031 0.0172208 0.0294473 0.0432424 0.0547715 0.0622261 0.0662794
 0.00432624 0.00895031 0.0172208 0.0294473 0.0432424 0.0547715 0.0622261 0.0662794
 0.00432624 0.00895031 0.0172208 0.0294473 0.0432424 0.0547715 0.0622261 0.0662794
 0.00634918 0.0131355 0.0252732 0.0432168 0.0634624 0.0803825 0.0913229 0.0972715
 0.00774025 0.0160134 0.0308104 0.0526853 0.0773666 0.0979939 0.111331 0.118583
 0.0100303 0.0207511 0.039926 0.0682729 0.100256 0.126986 0.14427 0.153667
 0.0175479 0.0363038 0.0698501 0.119443 0.175397 0.222161 0.252398 0.268839
 0.0227575 0.0470816 0.0905871 0.154903 0.227469 0.288116 0.32733 0.348652
 0.0150516 0.0311393 0.0599134 0.102451 0.150446 0.190557 0.216493 0.230595
 0.0189565 0.0392181 0.0754573 0.129031 0.189478 0.239995 0.27266 0.29042
 0.0180681 0.03738 0.0719207 0.122983 0.180597 0.228747 0.25988 0.276809
 0.0339013 0.0701364 0.134946 0.230755 0.338856 0.4292 0.487616 0.519379
 0.0356588 0.0737723 0.141941 0.242717 0.356422 0.45145 0.512894 0.546304
 0.0267435 0.0553281 0.106454 0.182034 0.267311 0.33858 0.384662 0.409719
 0.029442 0.0609109 0.117195 0.200402 0.294284 0.372745 0.423477 0.451062
 0.0361349 0.0747574 0.143837 0.245958 0.361181 0.457479 0.519743 0.553598
 0.0286386 0.0592487 0.113997 0.194933 0.286253 0.362573 0.41192 0.438752
 0.036034 0.0745486 0.143435 0.245271 0.360173 0.456201 0.518291 0.552052
 0.0342433 0.070844 0.136307 0.233083 0.342274 0.43353 0.492535 0.524619
 0.0321617 0.0665374 0.128021 0.218914 0.321468 0.407176 0.462595 0.492727
 0.0303411 0.0627709 0.120774 0.206522 0.30327 0.384127 0.436408 0.464835
 0.033058 0.0683917 0.131589 0.225015 0.330427 0.418524 0.475486 0.506459
 0.0248812 0.0514753 0.0990407 0.169358 0.248697 0.315003 0.357876 0.381188
 0.0253226 0.0523884 0.100798 0.172362 0.253108 0.320591 0.364225 0.38795
 0.0140533 0.0290739 0.0559396 0.0956558 0.140467 0.177918 0.202134 0.2153
 0.00432624 0.00895031 0.0172208 0.0294473 0.0432424 0.0547715 0.0622261 0.0662794
 0.0145061 0.0300108 0.0577421 0.0987381 0.144993 0.183651 0.208647 0.222238
 0.0165747 0.0342904 0.0659762 0.112818 0.16567 0.20984 0.2384 0.253929
 0.0196833 0.0407215 0.07835 0.133977 0.196741 0.249196 0.283112 0.301554
 0.000557727 0.00115385 0.00222005 0.00379626 0.00557468 0.00706098 0.00802201 0.00854455
 0.0028292 0.00585317 0.0112618 0.0192574 0.0282789 0.0358185 0.0406935 0.0433443
 0.0214615 0.0444005 0.0854285 0.146082 0.214516 0.271709 0.30869 0.328797
#Fyear
 0.07
 0.117812
 0.12831
 0.164258
 0.295033
 0.233214
 0.34743
 0.260403
 0.336053
 0.40187
 0.218487
 0.403957
 0.499533
 0.635115
 1.25176
 0.573543
 0.53037
 0.502837
 0.504385
 0.446044
 0.39485
 0.429811
 0.288174
 0.167907
 0.0407677
 0.201582
 0.206293
 0.416705
 0.07
 0.07
 0.07
 0.102732
 0.12524
 0.162293
 0.28393
 0.368223
 0.243539
 0.306723
 0.292347
 0.548534
 0.57697
 0.432718
 0.476382
 0.584675
 0.463382
 0.583041
 0.554068
 0.520387
 0.490929
 0.534889
 0.402586
 0.409727
 0.227386
 0.07
 0.234713
 0.268184
 0.318481
 0.0090242
 0.0457774
 0.347254
#biomass_AM
 352935 355375 357458 336073 319661 311925 354677 373190 344773 278847 236277 230728 239842 230822 217067 171756 192186 219721 227588 227682 228291 242769 282009 312899 371764 391066 461469 510218 521936 521850
 352935 355375 359538 337974 321206 314094 342734 375803 341988 281893 224104 195061 218211 221262 215888 209317 214265 230821 232096 230425 224244 239478 281305 316963 384408 378853 443921 483820 565155 561072
#biomass_population
 705870 710750 716996 674047 640867 626019 697410 748993 686761 560740 460382 425789 458052 452084 432955 381073 406451 450541 459684 458107 452535 482247 563315 629862 756172 769919 905389 994038 1.08709e+006 1.08292e+006
#catch_at_age_fleet_prop
 0.0128374 0.107643 0.145382 0.174184 0.179088 0.158991 0.126846 0.0950298
 0.00374577 0.137688 0.136605 0.16169 0.163508 0.142652 0.112245 0.141866
 0.0135131 0.0441399 0.191288 0.165682 0.164625 0.14044 0.10808 0.172232
 0.00410851 0.151363 0.0581363 0.219166 0.158682 0.132507 0.0994467 0.176591
 0.00755303 0.0517127 0.221915 0.0732071 0.227264 0.136442 0.0993017 0.182605
 0.0277603 0.0933203 0.0740591 0.27205 0.0733947 0.187117 0.0970228 0.175276
 0.0206747 0.281172 0.109306 0.0738738 0.221003 0.0488912 0.107701 0.137378
 0.00344349 0.208572 0.32721 0.10829 0.0594104 0.144839 0.0275035 0.120732
 0.001479 0.039237 0.274532 0.36648 0.0986187 0.0442713 0.0930728 0.0823089
 0.00389312 0.0189773 0.0576726 0.339949 0.364262 0.0791775 0.0303469 0.105721
 0.0182351 0.0522724 0.0293591 0.0759473 0.362853 0.315908 0.0587543 0.0866709
 0.011652 0.220678 0.0729987 0.034794 0.0730456 0.28549 0.21451 0.0868318
 0.0263265 0.144947 0.311466 0.0857679 0.0323305 0.0540496 0.178449 0.166664
 0.00584925 0.274845 0.169416 0.298077 0.0635946 0.0187162 0.0260424 0.14346
 0.0130183 0.0757778 0.38269 0.183005 0.234741 0.0371011 0.00876686 0.0648995
 0.0271975 0.163183 0.101668 0.402017 0.138781 0.127621 0.0155721 0.0239604
 0.0244135 0.26873 0.180676 0.0924694 0.283711 0.0763592 0.0582785 0.0153618
 0.0207103 0.236664 0.293153 0.162705 0.0650361 0.156629 0.0351762 0.0299278
 0.00917243 0.204055 0.262841 0.269212 0.116995 0.0368183 0.0741828 0.0267225
 0.0155827 0.100547 0.252905 0.270563 0.218031 0.0748849 0.0197627 0.0477235
 0.0175926 0.16722 0.122787 0.258507 0.219783 0.141397 0.0410474 0.0316663
 0.0176353 0.1879 0.203523 0.125154 0.209806 0.142874 0.0779491 0.0351586
 0.0329539 0.180054 0.219812 0.201179 0.0993891 0.134273 0.0777778 0.0545623
 0.00568536 0.286966 0.182473 0.191777 0.144476 0.0589441 0.0690312 0.0606478
 0.0220713 0.0571901 0.340896 0.189991 0.168178 0.107022 0.0385069 0.0761452
 0.00378148 0.207129 0.0633275 0.32919 0.154104 0.115387 0.064987 0.0620937
 0.0322581 0.0424147 0.271289 0.0715776 0.30773 0.119748 0.0782042 0.0767782
 0.0137199 0.306344 0.0464853 0.252262 0.0540184 0.190063 0.0638649 0.073242
 0.00488139 0.141974 0.367914 0.0480495 0.213898 0.0375693 0.113754 0.0719594
 0.00625009 0.0514341 0.177471 0.40462 0.0447958 0.169829 0.0264992 0.119101
 0.0128374 0.107643 0.145382 0.174184 0.179088 0.158991 0.126846 0.0950298
 0.00373121 0.137268 0.136301 0.161528 0.163568 0.142867 0.112496 0.142241
 0.0134075 0.0438083 0.190223 0.165094 0.16452 0.140801 0.108643 0.173503
 0.00407979 0.150326 0.0577732 0.218301 0.15845 0.132762 0.0999947 0.178314
 0.00748764 0.0512973 0.220323 0.0727998 0.226785 0.136633 0.0998463 0.184828
 0.0285019 0.0951113 0.0750268 0.273097 0.0730047 0.185191 0.0958664 0.174201
 0.0211284 0.288634 0.111064 0.0745854 0.220276 0.0479349 0.104252 0.132126
 0.00345125 0.208709 0.330233 0.108493 0.0594897 0.144327 0.027162 0.118135
 0.0014786 0.0393044 0.274414 0.369655 0.0986905 0.0441943 0.0922468 0.080016
 0.00399263 0.0193139 0.0585109 0.341199 0.365891 0.0784909 0.0299413 0.10266
 0.0214773 0.0602805 0.0326463 0.0810834 0.366349 0.306205 0.0545435 0.0774151
 0.0143763 0.270939 0.0856443 0.038383 0.0745595 0.264301 0.184058 0.0677384
 0.0298342 0.164424 0.351386 0.0924591 0.0327442 0.0505692 0.151165 0.127418
 0.0060964 0.287313 0.17802 0.313169 0.0642551 0.0178723 0.0230722 0.110202
 0.0113648 0.0690873 0.365911 0.187076 0.256526 0.0411709 0.00952124 0.0593427
 0.0214219 0.129405 0.0885214 0.38631 0.154222 0.166353 0.0223469 0.0314198
 0.0212889 0.234011 0.158108 0.0886294 0.299239 0.0928892 0.0829971 0.0228374
 0.0194444 0.221934 0.273853 0.152301 0.066426 0.175361 0.045284 0.0453968
 0.00892271 0.198614 0.25543 0.260595 0.113415 0.0389032 0.0858254 0.0382951
 0.0156238 0.100334 0.251524 0.267048 0.213029 0.0729404 0.0209287 0.0585724
 0.0180052 0.170929 0.124158 0.258878 0.216411 0.136379 0.0391182 0.0361211
 0.0178719 0.190617 0.206332 0.12565 0.208813 0.139891 0.0747715 0.0360544
 0.0326863 0.179226 0.220038 0.202492 0.0997943 0.134545 0.0770348 0.0541821
 0.00549411 0.278979 0.179679 0.192162 0.147711 0.060963 0.0719902 0.0630212
 0.0220108 0.0564747 0.337131 0.188508 0.168381 0.108881 0.0396072 0.0790062
 0.00397486 0.216531 0.0645198 0.330042 0.151319 0.111448 0.0624857 0.0596799
 0.0349205 0.0456034 0.287103 0.0728595 0.303289 0.113826 0.0722993 0.0700987
 0.0134814 0.307566 0.0470664 0.257917 0.0545057 0.189015 0.0617997 0.0686485
 0.00442024 0.129222 0.351563 0.0476077 0.222904 0.04045 0.125433 0.0784001
 0.00613267 0.0497107 0.170062 0.398707 0.0447511 0.175286 0.0279512 0.1274
#yield_fleet
 9823.77
 17293.7
 18735.9
 23379.7
 38346.7
 26766.6
 37765.3
 29942.8
 41771.7
 48091.8
 23061.8
 35288.5
 34838.3
 40918.8
 69987.7
 27930.1
 27016.7
 28065.4
 32074.4
 31140.8
 28928.9
 31975.8
 22569.5
 15981.5
 4865.3
 28711.5
 31452.5
 65031
 12236
 14415.8
 9823.77
 15150.3
 18456.9
 23302
 37292.1
 40994.3
 25647.5
 35090.5
 36303.7
 63851.6
 50866.5
 28763.2
 27634
 35042.3
 30230
 38105.5
 34338.1
 32163.8
 32681.2
 37389
 28687
 29925.5
 17966.3
 6973.63
 28177.8
 35936.9
 44097
 1429.67
 9057.44
 73453.9
#survey_at_age_fleet_prop
 0.0226975 0.0977441 0.223888 0.226077 0.168279 0.118926 0.083592 0.0587963
 0.00679679 0.12845 0.216092 0.215506 0.157716 0.109502 0.0758924 0.0900456
 0.0236178 0.0396725 0.291518 0.212729 0.152959 0.103835 0.0703827 0.105286
 0.00770822 0.146155 0.0951698 0.302202 0.158289 0.105151 0.0694949 0.11583
 0.013456 0.0475534 0.345768 0.0959865 0.215298 0.102706 0.0657687 0.113464
 0.0499185 0.0864978 0.116343 0.35981 0.0701805 0.142253 0.0649275 0.110069
 0.0381411 0.268053 0.176523 0.100351 0.216784 0.0380843 0.073786 0.0882782
 0.0055373 0.172986 0.459899 0.128114 0.0508023 0.0984446 0.0164521 0.0677642
 0.00221993 0.0304265 0.360647 0.404998 0.0787078 0.0280623 0.0518925 0.0430458
 0.00660129 0.0166487 0.0856865 0.424643 0.328351 0.0566411 0.0190846 0.0623438
 0.0360855 0.0533023 0.0507431 0.110524 0.381823 0.264331 0.0432786 0.0599127
 0.024052 0.235691 0.132036 0.0529101 0.0801551 0.248613 0.164214 0.0623302
 0.043748 0.124888 0.454259 0.105072 0.0285445 0.037822 0.109672 0.0959953
 0.0094596 0.23115 0.241 0.355663 0.0545736 0.0127031 0.0155002 0.0799513
 0.0188593 0.0578434 0.492012 0.195646 0.178125 0.0219636 0.00450533 0.0310452
 0.0425521 0.132592 0.139777 0.463909 0.115291 0.0839364 0.00898781 0.0129546
 0.0406643 0.232242 0.264262 0.11357 0.251016 0.0535221 0.0358648 0.00885819
 0.0321305 0.190389 0.399187 0.186096 0.0536068 0.102319 0.0201813 0.0160913
 0.0139289 0.160684 0.350339 0.301396 0.0943906 0.0235417 0.0416566 0.0140628
 0.0236047 0.0788793 0.335932 0.302032 0.175538 0.0478197 0.0110897 0.0251053
 0.0290862 0.143019 0.177857 0.314835 0.193178 0.0986388 0.0251743 0.0182116
 0.0294698 0.162556 0.298145 0.154105 0.186358 0.100678 0.0482748 0.0204145
 0.0528368 0.148989 0.3082 0.23738 0.0847396 0.0909704 0.0463669 0.0305168
 0.0094406 0.245262 0.264393 0.234051 0.127554 0.0413982 0.0426937 0.0352062
 0.0332779 0.0442558 0.447438 0.210205 0.134734 0.0682653 0.0216419 0.0401819
 0.00647033 0.182554 0.0946095 0.414143 0.140209 0.0834906 0.0413998 0.0371242
 0.0525514 0.0355954 0.385916 0.0857403 0.266572 0.0824929 0.0474304 0.0437014
 0.0246367 0.284708 0.0731594 0.333745 0.051563 0.143952 0.0425171 0.0457183
 0.00773994 0.115614 0.508116 0.0559283 0.180245 0.0252019 0.0672277 0.0399275
 0.00989751 0.0418309 0.244787 0.470366 0.0377 0.113778 0.0156408 0.0660005
 0.0226975 0.0977441 0.223888 0.226077 0.168279 0.118926 0.083592 0.0587963
 0.00677454 0.128093 0.215684 0.215382 0.15786 0.109738 0.0761171 0.0903517
 0.02347 0.0394337 0.290335 0.2123 0.1531 0.104266 0.0708622 0.106233
 0.00766485 0.145346 0.0947018 0.301415 0.158274 0.1055 0.0699752 0.117124
 0.0133678 0.0472597 0.343948 0.0956442 0.215301 0.10308 0.0662829 0.115117
 0.0511043 0.0881677 0.117804 0.360626 0.0695959 0.140163 0.0638039 0.108735
 0.0388266 0.273465 0.178337 0.100821 0.215252 0.0372382 0.0712844 0.084776
 0.0055323 0.172732 0.463067 0.12801 0.0507084 0.0977385 0.0161831 0.0660294
 0.00221626 0.030407 0.359715 0.407772 0.0786613 0.0279897 0.0514056 0.0418333
 0.00675643 0.0169645 0.0869711 0.425793 0.328839 0.0558702 0.0187083 0.0600976
 0.0419994 0.0612243 0.0561022 0.11695 0.380379 0.251694 0.039343 0.0523074
 0.0287045 0.280083 0.149914 0.0564713 0.079129 0.222519 0.136188 0.0469906
 0.047331 0.135184 0.489076 0.10812 0.0276046 0.0337999 0.088759 0.0701254
 0.00966152 0.236528 0.247957 0.366079 0.0540635 0.0119032 0.0134833 0.060324
 0.0166202 0.0523453 0.469373 0.201642 0.19937 0.0253734 0.00515549 0.0301204
 0.0344254 0.108023 0.125024 0.457907 0.131583 0.112352 0.0132435 0.0174415
 0.0364821 0.208175 0.238013 0.112009 0.272331 0.0669479 0.0525061 0.0135354
 0.0309203 0.183071 0.382336 0.17857 0.0561131 0.117373 0.0266144 0.0250015
 0.0137312 0.158448 0.344944 0.29563 0.092737 0.0252152 0.0488609 0.0204332
 0.0237684 0.0792034 0.336028 0.29957 0.172137 0.0466899 0.0117615 0.0308422
 0.0297314 0.146034 0.179643 0.314914 0.189971 0.0950075 0.0239565 0.0207428
 0.0297779 0.164353 0.301273 0.154238 0.184952 0.0983228 0.0461965 0.020887
 0.0524037 0.148093 0.308158 0.238762 0.0850773 0.0912005 0.0459661 0.0303392
 0.00916423 0.238988 0.261048 0.235297 0.130941 0.0430201 0.044757 0.0367855
 0.0332385 0.0439609 0.444776 0.209378 0.135212 0.069513 0.0222581 0.041664
 0.00677667 0.190434 0.096158 0.41401 0.137186 0.0803043 0.0396234 0.0355082
 0.0559657 0.0377446 0.402591 0.0859584 0.258464 0.0770573 0.0430571 0.0391614
 0.0241893 0.283033 0.0734717 0.339438 0.0519525 0.143466 0.0413352 0.0431143
 0.00711207 0.106723 0.492467 0.056213 0.190574 0.0275339 0.0752292 0.0441485
 0.00978351 0.0409814 0.237495 0.468353 0.0379598 0.118074 0.0165596 0.0707944
#true_survey_fleet_bio
 7.39761
 7.61801
 7.74271
 7.2118
 6.78016
 5.92116
 5.50382
 6.66672
 7.50324
 6.52408
 5.13777
 4.02684
 3.78147
 3.70709
 3.43184
 2.8449
 2.82445
 3.3239
 3.86794
 4.20873
 4.08919
 4.09494
 4.47054
 5.39839
 7.23263
 7.80747
 8.50008
 8.13013
 10.1925
 11.9701
 7.39761
 7.65295
 7.80567
 7.26767
 6.84298
 5.73098
 5.36922
 6.64435
 7.51634
 6.32824
 4.27009
 3.12843
 3.29839
 3.5377
 4.06442
 3.70981
 3.32919
 3.57301
 3.98528
 4.18359
 3.98203
 4.03532
 4.51926
 5.63588
 7.22265
 7.36051
 7.80255
 8.36775
 11.3609
 12.1151
#harvest_rate_region_bio
 0.0278345 0.0486633 0.0524141 0.0695673 0.119961 0.0858108 0.106478 0.0802346 0.121157 0.172467 0.0976048 0.152944 0.145256 0.177274 0.322425 0.162615 0.140576 0.127732 0.140932 0.136773 0.12672 0.131713 0.0800309 0.0510756 0.0130871 0.0734187 0.0681574 0.127457 0.0234435 0.0276245
 0.0278345 0.0426318 0.051335 0.068946 0.1161 0.130516 0.0748321 0.0933747 0.106155 0.22651 0.226977 0.147457 0.126639 0.158375 0.140026 0.182047 0.16026 0.139345 0.140809 0.162261 0.127927 0.124961 0.0638675 0.0220014 0.0733018 0.094857 0.0993353 0.00295496 0.0160265 0.130917
#depletion_region
 1 1.00691 1.01282 0.952222 0.905721 0.883803 1.00494 1.05739 0.976874 0.79008 0.669463 0.653741 0.679563 0.654007 0.615033 0.48665 0.544537 0.622553 0.644844 0.64511 0.646834 0.687858 0.79904 0.886562 1.05335 1.10804 1.30752 1.44564 1.47884 1.4786
 1 1.00691 1.01871 0.957611 0.910099 0.889947 0.971095 1.06479 0.968983 0.798711 0.634974 0.552682 0.618274 0.62692 0.611693 0.593075 0.607094 0.654003 0.657617 0.652882 0.63537 0.678533 0.797045 0.898077 1.08918 1.07344 1.2578 1.37085 1.6013 1.58973
#SSB_region
 97209.6 99262.2 99693.9 92322.2 84518.3 74764.9 71803.7 89052.3 94263.9 77617.2 63437.3 49898.1 47887.6 46743.4 39069.1 35091.6 36458.3 43575.4 49754.1 52967.1 51570.9 52198.4 58997.9 73459.7 97367.3 101223 110075 104517 138729 155849
 97209.6 100007 100537 93040.3 85454 70445.6 71652.3 88167.6 95118.5 73192.5 48848.7 39440.6 42766.1 45371.6 51407 44820.7 41896.3 46162.9 51119.9 51881.5 50232.9 51699.5 60214.3 77655.6 94156 94603 99534.7 115748 154361 149774
#Bratio_population
 0.582679 0.597215 0.600097 0.555536 0.509411 0.4352 0.429941 0.531133 0.567584 0.451981 0.336524 0.26775 0.271691 0.276071 0.271159 0.239499 0.234831 0.268948 0.302322 0.314234 0.305109 0.311385 0.357282 0.452896 0.574 0.586894 0.628206 0.660139 0.878399 0.915958
#T_year
 1 0
 1 0
 1 0
 1 0
 1 0
 1 0
 1 0
 1 0
 1 0
 1 0
 1 0
 1 0
 1 0
 1 0
 1 0
 1 0
 1 0
 1 0
 1 0
 1 0
 1 0
 1 0
 1 0
 1 0
 1 0
 1 0
 1 0
 1 0
 1 0
 1 0
 0 1
 0 1
 0 1
 0 1
 0 1
 0 1
 0 1
 0 1
 0 1
 0 1
 0 1
 0 1
 0 1
 0 1
 0 1
 0 1
 0 1
 0 1
 0 1
 0 1
 0 1
 0 1
 0 1
 0 1
 0 1
 0 1
 0 1
 0 1
 0 1
 0 1
#selectivity_age
 0.0618035
 0.127862
 0.246011
 0.420676
 0.617748
 0.78245
 0.888944
 0.946849
 0.0618035
 0.127862
 0.246011
 0.420676
 0.617748
 0.78245
 0.888944
 0.946849
#survey_selectivity_age
 0.0322955
 0.197816
 0.645656
 0.930862
 0.990048
 0.998641
 0.999816
 0.999975
 0.0322955
 0.197816
 0.645656
 0.930862
 0.990048
 0.998641
 0.999816
 0.999975
#TRUE_tag_prop
 0 0 0 0 0 0 0 0 0 0 0
 0 0 0 0 0 0 0 0 0 0 0
 0 0 0 0 0 0 0 0 0 0 0
 0 0 0 0 0 0 0 0 0 0 0
 0 0 0 0 0 0 0 0 0 0 0
 0 0 0 0 0 0 0 0 0 0 0
 0 0 0 0 0 0 0 0 0 0 0
 0 0 0 0 0 0 0 0 0 0 0
 0 0 0 0 0 0 0 0 0 0 0
 0 0 0 0 0 0 0 0 0 0 0
 0 0 0 0 0 0 0 0 0 0 0
 0 0 0 0 0 0 0 0 0 0 0
 0 0 0 0 0 0 0 0 0 0 0
 0 0 0 0 0 0 0 0 0 0 0
 0 0 0 0 0 0 0 0 0 0 0
 0 0 0 0 0 0 0 0 0 0 0
 0 0 0 0 0 0 0 0 0 0 0
 0 0 0 0 0 0 0 0 0 0 0
 0 0 0 0 0 0 0 0 0 0 0
 0 0 0 0 0 0 0 0 0 0 0
 0 0 0 0 0 0 0 0 0 0 0
 0 0 0 0 0 0 0 0 0 0 0
 0 0 0 0 0 0 0 0 0 0 0
 0 0 0 0 0 0 0 0 0 0 0
 0 0 0 0 0 0 0 0 0 0 0
 0 0 0 0 0 0 0 0 0 0 0
 0 0 0 0 0 0 0 0 0 0 0
 0 0 0 0 0 0 0 0 0 0 0
 0 0 0 0 0 0 0 0 0 0 0
 0 0 0 0 0 0 0 0 0 0 0
 0 0 0 0 0 0 0 0 0 0 0
 0 0 0 0 0 0 0 0 0 0 0
 0 0 0 0 0 0 0 0 0 0 0
 0 0 0 0 0 0 0 0 0 0 0
 0 0 0 0 0 0 0 0 0 0 0
 0 0 0 0 0 0 0 0 0 0 0
 0 0 0 0 0 0 0 0 0 0 0
 0 0 0 0 0 0 0 0 0 0 0
 0 0 0 0 0 0 0 0 0 0 0
 0 0 0 0 0 0 0 0 0 0 0
 0 0 0 0 0 0 0 0 0 0 0
 0 0 0 0 0 0 0 0 0 0 0
 0 0 0 0 0 0 0 0 0 0 0
 0 0 0 0 0 0 0 0 0 0 0
 0 0 0 0 0 0 0 0 0 0 0
 0 0 0 0 0 0 0 0 0 0 0
 0 0 0 0 0 0 0 0 0 0 0
 0 0 0 0 0 0 0 0 0 0 0
 0 0 0 0 0 0 0 0 0 0 0
 0 0 0 0 0 0 0 0 0 0 0
 0 0 0 0 0 0 0 0 0 0 0
 0 0 0 0 0 0 0 0 0 0 0
 0 0 0 0 0 0 0 0 0 0 0
 0 0 0 0 0 0 0 0 0 0 0
 0 0 0 0 0 0 0 0 0 0 0
 0 0 0 0 0 0 0 0 0 0 0
 0 0 0 0 0 0 0 0 0 0 0
 0 0 0 0 0 0 0 0 0 0 0
 0 0 0 0 0 0 0 0 0 0 0
 0 0 0 0 0 0 0 0 0 0 0
 0 0 0 0 0 0 0 0 0 0 0
 0 0 0 0 0 0 0 0 0 0 0
 0 0 0 0 0 0 0 0 0 0 0
 0 0 0 0 0 0 0 0 0 0 0
 0 0 0 0 0 0 0 0 0 0 0
 0 0 0 0 0 0 0 0 0 0 0
 0 0 0 0 0 0 0 0 0 0 0
 0 0 0 0 0 0 0 0 0 0 0
 0 0 0 0 0 0 0 0 0 0 0
 0 0 0 0 0 0 0 0 0 0 0
 0 0 0 0 0 0 0 0 0 0 0
 0 0 0 0 0 0 0 0 0 0 0
 0 0 0 0 0 0 0 0 0 0 0
 0 0 0 0 0 0 0 0 0 0 0
 0 0 0 0 0 0 0 0 0 0 0
 0 0 0 0 0 0 0 0 0 0 0
 0 0 0 0 0 0 0 0 0 0 0
 0 0 0 0 0 0 0 0 0 0 0
 0 0 0 0 0 0 0 0 0 0 0
 0 0 0 0 0 0 0 0 0 0 0
 0 0 0 0 0 0 0 0 0 0 0
 0 0 0 0 0 0 0 0 0 0 0
 0 0 0 0 0 0 0 0 0 0 0
 0 0 0 0 0 0 0 0 0 0 0
 0 0 0 0 0 0 0 0 0 0 0
 0 0 0 0 0 0 0 0 0 0 0
 0 0 0 0 0 0 0 0 0 0 0
 0 0 0 0 0 0 0 0 0 0 0
 0 0 0 0 0 0 0 0 0 0 0
 0 0 0 0 0 0 0 0 0 0 0
 0 0 0 0 0 0 0 0 0 0 0
 0 0 0 0 0 0 0 0 0 0 0
 0 0 0 0 0 0 0 0 0 0 0
 0 0 0 0 0 0 0 0 0 0 0
 0 0 0 0 0 0 0 0 0 0 0
 0 0 0 0 0 0 0 0 0 0 0
 0 0 0 0 0 0 0 0 0 0 0
 0 0 0 0 0 0 0 0 0 0 0
 0 0 0 0 0 0 0 0 0 0 0
 0 0 0 0 0 0 0 0 0 0 0
 0 0 0 0 0 0 0 0 0 0 0
 0 0 0 0 0 0 0 0 0 0 0
 0 0 0 0 0 0 0 0 0 0 0
 0 0 0 0 0 0 0 0 0 0 0
 0 0 0 0 0 0 0 0 0 0 0
 0 0 0 0 0 0 0 0 0 0 0
 0 0 0 0 0 0 0 0 0 0 0
 0 0 0 0 0 0 0 0 0 0 0
 0 0 0 0 0 0 0 0 0 0 0
 0 0 0 0 0 0 0 0 0 0 0
 0 0 0 0 0 0 0 0 0 0 0
 0 0 0 0 0 0 0 0 0 0 0
 0 0 0 0 0 0 0 0 0 0 0
 0 0 0 0 0 0 0 0 0 0 0
 0 0 0 0 0 0 0 0 0 0 0
 0 0 0 0 0 0 0 0 0 0 0
 0 0 0 0 0 0 0 0 0 0 0
 0 0 0 0 0 0 0 0 0 0 0
 0 0 0 0 0 0 0 0 0 0 0
 0 0 0 0 0 0 0 0 0 0 0
 0 0 0 0 0 0 0 0 0 0 0
 0 0 0 0 0 0 0 0 0 0 0
 0 0 0 0 0 0 0 0 0 0 0
 0 0 0 0 0 0 0 0 0 0 0
 0 0 0 0 0 0 0 0 0 0 0
 0 0 0 0 0 0 0 0 0 0 0
 0 0 0 0 0 0 0 0 0 0 0
 0 0 0 0 0 0 0 0 0 0 0
 0 0 0 0 0 0 0 0 0 0 0
 0 0 0 0 0 0 0 0 0 0 0
 0 0 0 0 0 0 0 0 0 0 0
 0 0 0 0 0 0 0 0 0 0 0
 0 0 0 0 0 0 0 0 0 0 0
 0 0 0 0 0 0 0 0 0 0 0
 0 0 0 0 0 0 0 0 0 0 0
 0 0 0 0 0 0 0 0 0 0 0
 0 0 0 0 0 0 0 0 0 0 0
 0 0 0 0 0 0 0 0 0 0 0
 0 0 0 0 0 0 0 0 0 0 0
 0 0 0 0 0 0 0 0 0 0 0
 0 0 0 0 0 0 0 0 0 0 0
 0 0 0 0 0 0 0 0 0 0 0
 0 0 0 0 0 0 0 0 0 0 0
 0 0 0 0 0 0 0 0 0 0 0
 0 0 0 0 0 0 0 0 0 0 0
 0 0 0 0 0 0 0 0 0 0 0
 0 0 0 0 0 0 0 0 0 0 0
 0 0 0 0 0 0 0 0 0 0 0
 0 0 0 0 0 0 0 0 0 0 0
 0 0 0 0 0 0 0 0 0 0 0
 0 0 0 0 0 0 0 0 0 0 0
 0 0 0 0 0 0 0 0 0 0 0
 0 0 0 0 0 0 0 0 0 0 0
 0 0 0 0 0 0 0 0 0 0 0
 0 0 0 0 0 0 0 0 0 0 0
 0 0 0 0 0 0 0 0 0 0 0
 0 0 0 0 0 0 0 0 0 0 0
 0 0 0 0 0 0 0 0 0 0 0
 0 0 0 0 0 0 0 0 0 0 0
 0 0 0 0 0 0 0 0 0 0 0
 0 0 0 0 0 0 0 0 0 0 0
 0 0 0 0 0 0 0 0 0 0 0
 0 0 0 0 0 0 0 0 0 0 0
 0 0 0 0 0 0 0 0 0 0 0
 0 0 0 0 0 0 0 0 0 0 0
 0 0 0 0 0 0 0 0 0 0 0
 0 0 0 0 0 0 0 0 0 0 0
 0 0 0 0 0 0 0 0 0 0 0
 0 0 0 0 0 0 0 0 0 0 0
 0 0 0 0 0 0 0 0 0 0 0
 0 0 0 0 0 0 0 0 0 0 0
 0 0 0 0 0 0 0 0 0 0 0
 0 0 0 0 0 0 0 0 0 0 0
 0 0 0 0 0 0 0 0 0 0 0
 0 0 0 0 0 0 0 0 0 0 0
 0 0 0 0 0 0 0 0 0 0 0
 0 0 0 0 0 0 0 0 0 0 0
 0 0 0 0 0 0 0 0 0 0 0
 0 0 0 0 0 0 0 0 0 0 0
 0 0 0 0 0 0 0 0 0 0 0
 0 0 0 0 0 0 0 0 0 0 0
 0 0 0 0 0 0 0 0 0 0 0
 0 0 0 0 0 0 0 0 0 0 0
 0 0 0 0 0 0 0 0 0 0 0
 0 0 0 0 0 0 0 0 0 0 0
 0 0 0 0 0 0 0 0 0 0 0
 0 0 0 0 0 0 0 0 0 0 0
 0 0 0 0 0 0 0 0 0 0 0
 0 0 0 0 0 0 0 0 0 0 0
 0 0 0 0 0 0 0 0 0 0 0
 0 0 0 0 0 0 0 0 0 0 0
 0 0 0 0 0 0 0 0 0 0 0
 0 0 0 0 0 0 0 0 0 0 0
 0 0 0 0 0 0 0 0 0 0 0
 0 0 0 0 0 0 0 0 0 0 0
 0 0 0 0 0 0 0 0 0 0 0
 0 0 0 0 0 0 0 0 0 0 0
 0 0 0 0 0 0 0 0 0 0 0
 0 0 0 0 0 0 0 0 0 0 0
 0 0 0 0 0 0 0 0 0 0 0
 0 0 0 0 0 0 0 0 0 0 0
 0 0 0 0 0 0 0 0 0 0 0
 0 0 0 0 0 0 0 0 0 0 0
 0 0 0 0 0 0 0 0 0 0 0
 0 0 0 0 0 0 0 0 0 0 0
 0 0 0 0 0 0 0 0 0 0 0
 0 0 0 0 0 0 0 0 0 0 0
 0 0 0 0 0 0 0 0 0 0 0
 0 0 0 0 0 0 0 0 0 0 0
 0 0 0 0 0 0 0 0 0 0 0
 0 0 0 0 0 0 0 0 0 0 0
 0 0 0 0 0 0 0 0 0 0 0
 0 0 0 0 0 0 0 0 0 0 0
 0 0 0 0 0 0 0 0 0 0 0
 0 0 0 0 0 0 0 0 0 0 0
 0 0 0 0 0 0 0 0 0 0 0
 0 0 0 0 0 0 0 0 0 0 0
 0 0 0 0 0 0 0 0 0 0 0
 0 0 0 0 0 0 0 0 0 0 0
 0 0 0 0 0 0 0 0 0 0 0
 0 0 0 0 0 0 0 0 0 0 0
 0 0 0 0 0 0 0 0 0 0 0
 0 0 0 0 0 0 0 0 0 0 0
 0 0 0 0 0 0 0 0 0 0 0
 0 0 0 0 0 0 0 0 0 0 0
 0 0 0 0 0 0 0 0 0 0 0
 0 0 0 0 0 0 0 0 0 0 0
 0 0 0 0 0 0 0 0 0 0 0
 0 0 0 0 0 0 0 0 0 0 0
 0 0 0 0 0 0 0 0 0 0 0
 0 0 0 0 0 0 0 0 0 0 0
 0 0 0 0 0 0 0 0 0 0 0
 0 0 0 0 0 0 0 0 0 0 0
 0 0 0 0 0 0 0 0 0 0 0
 0 0 0 0 0 0 0 0 0 0 0
 0 0 0 0 0 0 0 0 0 0 0
 0 0 0 0 0 0 0 0 0 0 0
 0 0 0 0 0 0 0 0 0 0 0
 0 0 0 0 0 0 0 0 0 0 0
 0 0 0 0 0 0 0 0 0 0 0
 0 0 0 0 0 0 0 0 0 0 0
 0 0 0 0 0 0 0 0 0 0 0
 0 0 0 0 0 0 0 0 0 0 0
 0 0 0 0 0 0 0 0 0 0 0
 0 0 0 0 0 0 0 0 0 0 0
 0 0 0 0 0 0 0 0 0 0 0
 0 0 0 0 0 0 0 0 0 0 0
 0 0 0 0 0 0 0 0 0 0 0
 0 0 0 0 0 0 0 0 0 0 0
 0 0 0 0 0 0 0 0 0 0 0
 0 0 0 0 0 0 0 0 0 0 0
 0 0 0 0 0 0 0 0 0 0 0
 0 0 0 0 0 0 0 0 0 0 0
 0 0 0 0 0 0 0 0 0 0 0
 0 0 0 0 0 0 0 0 0 0 0
 0 0 0 0 0 0 0 0 0 0 0
 0 0 0 0 0 0 0 0 0 0 0
 0 0 0 0 0 0 0 0 0 0 0
 0 0 0 0 0 0 0 0 0 0 0
 0 0 0 0 0 0 0 0 0 0 0
 0 0 0 0 0 0 0 0 0 0 0
 0 0 0 0 0 0 0 0 0 0 0
 0 0 0 0 0 0 0 0 0 0 0
 0 0 0 0 0 0 0 0 0 0 0
 0 0 0 0 0 0 0 0 0 0 0
 0 0 0 0 0 0 0 0 0 0 0
 0 0 0 0 0 0 0 0 0 0 0
 0 0 0 0 0 0 0 0 0 0 0
 0 0 0 0 0 0 0 0 0 0 0
 0 0 0 0 0 0 0 0 0 0 0
 0 0 0 0 0 0 0 0 0 0 0
 0 0 0 0 0 0 0 0 0 0 0
 0 0 0 0 0 0 0 0 0 0 0
 0 0 0 0 0 0 0 0 0 0 0
 0 0 0 0 0 0 0 0 0 0 0
 0 0 0 0 0 0 0 0 0 0 0
 0 0 0 0 0 0 0 0 0 0 0
 0 0 0 0 0 0 0 0 0 0 0
 0 0 0 0 0 0 0 0 0 0 0
 0 0 0 0 0 0 0 0 0 0 0
 0 0 0 0 0 0 0 0 0 0 0
 0 0 0 0 0 0 0 0 0 0 0
 0 0 0 0 0 0 0 0 0 0 0
 0 0 0 0 0 0 0 0 0 0 0
 0 0 0 0 0 0 0 0 0 0 0
 0 0 0 0 0 0 0 0 0 0 0
 0 0 0 0 0 0 0 0 0 0 0
 0 0 0 0 0 0 0 0 0 0 0
 0 0 0 0 0 0 0 0 0 0 0
 0 0 0 0 0 0 0 0 0 0 0
 0 0 0 0 0 0 0 0 0 0 0
 0 0 0 0 0 0 0 0 0 0 0
 0 0 0 0 0 0 0 0 0 0 0
 0 0 0 0 0 0 0 0 0 0 0
 0 0 0 0 0 0 0 0 0 0 0
 0 0 0 0 0 0 0 0 0 0 0
 0 0 0 0 0 0 0 0 0 0 0
 0 0 0 0 0 0 0 0 0 0 0
 0 0 0 0 0 0 0 0 0 0 0
 0 0 0 0 0 0 0 0 0 0 0
 0 0 0 0 0 0 0 0 0 0 0
 0 0 0 0 0 0 0 0 0 0 0
 0 0 0 0 0 0 0 0 0 0 0
 0 0 0 0 0 0 0 0 0 0 0
 0 0 0 0 0 0 0 0 0 0 0
 0 0 0 0 0 0 0 0 0 0 0
 0 0 0 0 0 0 0 0 0 0 0
 0 0 0 0 0 0 0 0 0 0 0
 0 0 0 0 0 0 0 0 0 0 0
 0 0 0 0 0 0 0 0 0 0 0
 0 0 0 0 0 0 0 0 0 0 0
 0 0 0 0 0 0 0 0 0 0 0
 0 0 0 0 0 0 0 0 0 0 0
 0 0 0 0 0 0 0 0 0 0 0
 0 0 0 0 0 0 0 0 0 0 0
 0 0 0 0 0 0 0 0 0 0 0
 0 0 0 0 0 0 0 0 0 0 0
 0 0 0 0 0 0 0 0 0 0 0
 0 0 0 0 0 0 0 0 0 0 0
 0 0 0 0 0 0 0 0 0 0 0
 0 0 0 0 0 0 0 0 0 0 0
 0 0 0 0 0 0 0 0 0 0 0
 0 0 0 0 0 0 0 0 0 0 0
 0 0 0 0 0 0 0 0 0 0 0
 0 0 0 0 0 0 0 0 0 0 0
 0 0 0 0 0 0 0 0 0 0 0
 0 0 0 0 0 0 0 0 0 0 0
 0 0 0 0 0 0 0 0 0 0 0
 0 0 0 0 0 0 0 0 0 0 0
 0 0 0 0 0 0 0 0 0 0 0
 0 0 0 0 0 0 0 0 0 0 0
 0 0 0 0 0 0 0 0 0 0 0
 0 0 0 0 0 0 0 0 0 0 0
 0 0 0 0 0 0 0 0 0 0 0
 0 0 0 0 0 0 0 0 0 0 0
 0 0 0 0 0 0 0 0 0 0 0
 0 0 0 0 0 0 0 0 0 0 0
 0 0 0 0 0 0 0 0 0 0 0
 0 0 0 0 0 0 0 0 0 0 0
 0 0 0 0 0 0 0 0 0 0 0
 0 0 0 0 0 0 0 0 0 0 0
 0 0 0 0 0 0 0 0 0 0 0
 0 0 0 0 0 0 0 0 0 0 0
 0 0 0 0 0 0 0 0 0 0 0
 0 0 0 0 0 0 0 0 0 0 0
 0 0 0 0 0 0 0 0 0 0 0
 0 0 0 0 0 0 0 0 0 0 0
 0 0 0 0 0 0 0 0 0 0 0
 0 0 0 0 0 0 0 0 0 0 0
 0 0 0 0 0 0 0 0 0 0 0
 0 0 0 0 0 0 0 0 0 0 0
 0 0 0 0 0 0 0 0 0 0 0
 0 0 0 0 0 0 0 0 0 0 0
 0 0 0 0 0 0 0 0 0 0 0
 0 0 0 0 0 0 0 0 0 0 0
 0 0 0 0 0 0 0 0 0 0 0
 0 0 0 0 0 0 0 0 0 0 0
 0 0 0 0 0 0 0 0 0 0 0
 0 0 0 0 0 0 0 0 0 0 0
 0 0 0 0 0 0 0 0 0 0 0
 0 0 0 0 0 0 0 0 0 0 0
 0 0 0 0 0 0 0 0 0 0 0
 0 0 0 0 0 0 0 0 0 0 0
 0 0 0 0 0 0 0 0 0 0 0
 0 0 0 0 0 0 0 0 0 0 0
 0 0 0 0 0 0 0 0 0 0 0
 0 0 0 0 0 0 0 0 0 0 0
 0 0 0 0 0 0 0 0 0 0 0
 0 0 0 0 0 0 0 0 0 0 0
 0 0 0 0 0 0 0 0 0 0 0
 0 0 0 0 0 0 0 0 0 0 0
 0 0 0 0 0 0 0 0 0 0 0
 0 0 0 0 0 0 0 0 0 0 0
 0 0 0 0 0 0 0 0 0 0 0
 0 0 0 0 0 0 0 0 0 0 0
 0 0 0 0 0 0 0 0 0 0 0
 0 0 0 0 0 0 0 0 0 0 0
 0 0 0 0 0 0 0 0 0 0 0
 0 0 0 0 0 0 0 0 0 0 0
 0 0 0 0 0 0 0 0 0 0 0
 0 0 0 0 0 0 0 0 0 0 0
 0 0 0 0 0 0 0 0 0 0 0
 0 0 0 0 0 0 0 0 0 0 0
 0 0 0 0 0 0 0 0 0 0 0
 0 0 0 0 0 0 0 0 0 0 0
 0 0 0 0 0 0 0 0 0 0 0
 0 0 0 0 0 0 0 0 0 0 0
 0 0 0 0 0 0 0 0 0 0 0
 0 0 0 0 0 0 0 0 0 0 0
 0 0 0 0 0 0 0 0 0 0 0
 0 0 0 0 0 0 0 0 0 0 0
 0 0 0 0 0 0 0 0 0 0 0
 0 0 0 0 0 0 0 0 0 0 0
 0 0 0 0 0 0 0 0 0 0 0
 0 0 0 0 0 0 0 0 0 0 0
 0 0 0 0 0 0 0 0 0 0 0
 0 0 0 0 0 0 0 0 0 0 0
 0 0 0 0 0 0 0 0 0 0 0
 0 0 0 0 0 0 0 0 0 0 0
 0 0 0 0 0 0 0 0 0 0 0
 0 0 0 0 0 0 0 0 0 0 0
 0 0 0 0 0 0 0 0 0 0 0
 0 0 0 0 0 0 0 0 0 0 0
 0 0 0 0 0 0 0 0 0 0 0
 0 0 0 0 0 0 0 0 0 0 0
 0 0 0 0 0 0 0 0 0 0 0
 0 0 0 0 0 0 0 0 0 0 0
 0 0 0 0 0 0 0 0 0 0 0
 0 0 0 0 0 0 0 0 0 0 0
 0 0 0 0 0 0 0 0 0 0 0
 0 0 0 0 0 0 0 0 0 0 0
 0 0 0 0 0 0 0 0 0 0 0
 0 0 0 0 0 0 0 0 0 0 0
 0 0 0 0 0 0 0 0 0 0 0
 0 0 0 0 0 0 0 0 0 0 0
 0 0 0 0 0 0 0 0 0 0 0
 0 0 0 0 0 0 0 0 0 0 0
 0 0 0 0 0 0 0 0 0 0 0
 0 0 0 0 0 0 0 0 0 0 0
 0 0 0 0 0 0 0 0 0 0 0
 0 0 0 0 0 0 0 0 0 0 0
 0 0 0 0 0 0 0 0 0 0 0
 0 0 0 0 0 0 0 0 0 0 0
 0 0 0 0 0 0 0 0 0 0 0
 0 0 0 0 0 0 0 0 0 0 0
 0 0 0 0 0 0 0 0 0 0 0
 0 0 0 0 0 0 0 0 0 0 0
 0 0 0 0 0 0 0 0 0 0 0
 0 0 0 0 0 0 0 0 0 0 0
 0 0 0 0 0 0 0 0 0 0 0
 0 0 0 0 0 0 0 0 0 0 0
 0 0 0 0 0 0 0 0 0 0 0
 0 0 0 0 0 0 0 0 0 0 0
 0 0 0 0 0 0 0 0 0 0 0
 0 0 0 0 0 0 0 0 0 0 0
 0 0 0 0 0 0 0 0 0 0 0
 0 0 0 0 0 0 0 0 0 0 0
 0 0 0 0 0 0 0 0 0 0 0
 0 0 0 0 0 0 0 0 0 0 0
 0 0 0 0 0 0 0 0 0 0 0
 0 0 0 0 0 0 0 0 0 0 0
 0 0 0 0 0 0 0 0 0 0 0
 0 0 0 0 0 0 0 0 0 0 0
 0 0 0 0 0 0 0 0 0 0 0
 0 0 0 0 0 0 0 0 0 0 0
 0 0 0 0 0 0 0 0 0 0 0
 0 0 0 0 0 0 0 0 0 0 0
 0 0 0 0 0 0 0 0 0 0 0
 0 0 0 0 0 0 0 0 0 0 0
 0 0 0 0 0 0 0 0 0 0 0
 0 0 0 0 0 0 0 0 0 0 0
 0 0 0 0 0 0 0 0 0 0 0
 0 0 0 0 0 0 0 0 0 0 0
 0 0 0 0 0 0 0 0 0 0 0
 0 0 0 0 0 0 0 0 0 0 0
 0 0 0 0 0 0 0 0 0 0 0
 0 0 0 0 0 0 0 0 0 0 0
 0 0 0 0 0 0 0 0 0 0 0
 0 0 0 0 0 0 0 0 0 0 0
 0 0 0 0 0 0 0 0 0 0 0
 0 0 0 0 0 0 0 0 0 0 0
 0 0 0 0 0 0 0 0 0 0 0
 0 0 0 0 0 0 0 0 0 0 0
 0 0 0 0 0 0 0 0 0 0 0
 0 0 0 0 0 0 0 0 0 0 0
 0 0 0 0 0 0 0 0 0 0 0
 0 0 0 0 0 0 0 0 0 0 0
 0 0 0 0 0 0 0 0 0 0 0
 0 0 0 0 0 0 0 0 0 0 0
 0 0 0 0 0 0 0 0 0 0 0
 0 0 0 0 0 0 0 0 0 0 0
 0 0 0 0 0 0 0 0 0 0 0
 0 0 0 0 0 0 0 0 0 0 0
 0 0 0 0 0 0 0 0 0 0 0
 0 0 0 0 0 0 0 0 0 0 0
 0 0 0 0 0 0 0 0 0 0 0
 0 0 0 0 0 0 0 0 0 0 0
 0 0 0 0 0 0 0 0 0 0 0
 0 0 0 0 0 0 0 0 0 0 0
 0 0 0 0 0 0 0 0 0 0 0
#T
 1 0
 1 0
 1 0
 1 0
 1 0
 1 0
 1 0
 1 0
 1 0
 1 0
 1 0
 1 0
 1 0
 1 0
 1 0
 1 0
 1 0
 1 0
 1 0
 1 0
 1 0
 1 0
 1 0
 1 0
 1 0
 1 0
 1 0
 1 0
 1 0
 1 0
 1 0
 1 0
 1 0
 1 0
 1 0
 1 0
 1 0
 1 0
 1 0
 1 0
 1 0
 1 0
 1 0
 1 0
 1 0
 1 0
 1 0
 1 0
 1 0
 1 0
 1 0
 1 0
 1 0
 1 0
 1 0
 1 0
 1 0
 1 0
 1 0
 1 0
 1 0
 1 0
 1 0
 1 0
 1 0
 1 0
 1 0
 1 0
 1 0
 1 0
 1 0
 1 0
 1 0
 1 0
 1 0
 1 0
 1 0
 1 0
 1 0
 1 0
 1 0
 1 0
 1 0
 1 0
 1 0
 1 0
 1 0
 1 0
 1 0
 1 0
 1 0
 1 0
 1 0
 1 0
 1 0
 1 0
 1 0
 1 0
 1 0
 1 0
 1 0
 1 0
 1 0
 1 0
 1 0
 1 0
 1 0
 1 0
 1 0
 1 0
 1 0
 1 0
 1 0
 1 0
 1 0
 1 0
 1 0
 1 0
 1 0
 1 0
 1 0
 1 0
 1 0
 1 0
 1 0
 1 0
 1 0
 1 0
 1 0
 1 0
 1 0
 1 0
 1 0
 1 0
 1 0
 1 0
 1 0
 1 0
 1 0
 1 0
 1 0
 1 0
 1 0
 1 0
 1 0
 1 0
 1 0
 1 0
 1 0
 1 0
 1 0
 1 0
 1 0
 1 0
 1 0
 1 0
 1 0
 1 0
 1 0
 1 0
 1 0
 1 0
 1 0
 1 0
 1 0
 1 0
 1 0
 1 0
 1 0
 1 0
 1 0
 1 0
 1 0
 1 0
 1 0
 1 0
 1 0
 1 0
 1 0
 1 0
 1 0
 1 0
 1 0
 1 0
 1 0
 1 0
 1 0
 1 0
 1 0
 1 0
 1 0
 1 0
 1 0
 1 0
 1 0
 1 0
 1 0
 1 0
 1 0
 1 0
 1 0
 1 0
 1 0
 1 0
 1 0
 1 0
 1 0
 1 0
 1 0
 1 0
 1 0
 1 0
 1 0
 1 0
 1 0
 1 0
 1 0
 1 0
 1 0
 1 0
 1 0
 1 0
 1 0
 1 0
 1 0
 1 0
 1 0
 1 0
 1 0
 1 0
 1 0
 1 0
 1 0
 1 0
 1 0
 1 0
 1 0
 1 0
 1 0
 1 0 0 1
 0 1
 0 1
 0 1
 0 1
 0 1
 0 1
 0 1
 0 1
 0 1
 0 1
 0 1
 0 1
 0 1
 0 1
 0 1
 0 1
 0 1
 0 1
 0 1
 0 1
 0 1
 0 1
 0 1
 0 1
 0 1
 0 1
 0 1
 0 1
 0 1
 0 1
 0 1
 0 1
 0 1
 0 1
 0 1
 0 1
 0 1
 0 1
 0 1
 0 1
 0 1
 0 1
 0 1
 0 1
 0 1
 0 1
 0 1
 0 1
 0 1
 0 1
 0 1
 0 1
 0 1
 0 1
 0 1
 0 1
 0 1
 0 1
 0 1
 0 1
 0 1
 0 1
 0 1
 0 1
 0 1
 0 1
 0 1
 0 1
 0 1
 0 1
 0 1
 0 1
 0 1
 0 1
 0 1
 0 1
 0 1
 0 1
 0 1
 0 1
 0 1
 0 1
 0 1
 0 1
 0 1
 0 1
 0 1
 0 1
 0 1
 0 1
 0 1
 0 1
 0 1
 0 1
 0 1
 0 1
 0 1
 0 1
 0 1
 0 1
 0 1
 0 1
 0 1
 0 1
 0 1
 0 1
 0 1
 0 1
 0 1
 0 1
 0 1
 0 1
 0 1
 0 1
 0 1
 0 1
 0 1
 0 1
 0 1
 0 1
 0 1
 0 1
 0 1
 0 1
 0 1
 0 1
 0 1
 0 1
 0 1
 0 1
 0 1
 0 1
 0 1
 0 1
 0 1
 0 1
 0 1
 0 1
 0 1
 0 1
 0 1
 0 1
 0 1
 0 1
 0 1
 0 1
 0 1
 0 1
 0 1
 0 1
 0 1
 0 1
 0 1
 0 1
 0 1
 0 1
 0 1
 0 1
 0 1
 0 1
 0 1
 0 1
 0 1
 0 1
 0 1
 0 1
 0 1
 0 1
 0 1
 0 1
 0 1
 0 1
 0 1
 0 1
 0 1
 0 1
 0 1
 0 1
 0 1
 0 1
 0 1
 0 1
 0 1
 0 1
 0 1
 0 1
 0 1
 0 1
 0 1
 0 1
 0 1
 0 1
 0 1
 0 1
 0 1
 0 1
 0 1
 0 1
 0 1
 0 1
 0 1
 0 1
 0 1
 0 1
 0 1
 0 1
 0 1
 0 1
 0 1
 0 1
 0 1
 0 1
 0 1
 0 1
 0 1
 0 1
 0 1
 0 1
 0 1
 0 1
 0 1
 0 1
 0 1
 0 1
 0 1
 0 1
 0 1
 0 1
 0 1
 0 1
 0 1
 0 1
 0 1
 0 1
 0 1
 0 1
 0 1
 0 1
 0 1
#abund_frac_age_region
 0.5 0.5 0.5 0.5 0.5 0.5 0.5 0.5
 0.5 0.5 0.5 0.5 0.5 0.5 0.5 0.5
 0.5 0.499965 0.499518 0.499073 0.498414 0.497671 0.49705 0.49653
 0.5 0.499993 0.499867 0.499329 0.49875 0.49794 0.497071 0.49603
 0.5 0.499995 0.49993 0.499746 0.499123 0.498446 0.497556 0.495967
 0.5 0.499974 0.499641 0.499247 0.498579 0.497408 0.496275 0.493983
 0.5 0.500313 0.50429 0.507943 0.513443 0.519419 0.5238 0.526043
 0.5 0.499759 0.496992 0.4979 0.497018 0.497402 0.499107 0.501133
 0.5 0.500107 0.50124 0.499841 0.502772 0.504171 0.506462 0.511563
 0.5 0.499899 0.49871 0.498552 0.495244 0.496022 0.495622 0.498755
 0.5 0.50034 0.504587 0.50773 0.513973 0.517887 0.524691 0.532175
 0.5 0.500831 0.511797 0.526609 0.545307 0.568898 0.58712 0.609833
 0.5 0.500067 0.50175 0.513565 0.529625 0.549709 0.574409 0.599403
 0.5 0.499946 0.499327 0.500326 0.511131 0.52606 0.545221 0.580574
 0.5 0.499883 0.498334 0.496224 0.495022 0.503343 0.516211 0.56285
 0.5 0.498173 0.474704 0.450014 0.414169 0.375912 0.353544 0.374364
 0.5 0.500022 0.498476 0.475286 0.451003 0.415594 0.377657 0.367494
 0.5 0.500055 0.50078 0.499934 0.477773 0.45463 0.420104 0.380644
 0.5 0.500041 0.500616 0.501859 0.50178 0.480479 0.458037 0.405651
 0.5 0.499969 0.499611 0.499788 0.500444 0.499702 0.477851 0.440727
 0.5 0.500206 0.502809 0.505075 0.509131 0.514161 0.517074 0.472122
 0.5 0.500018 0.500453 0.503285 0.505888 0.510325 0.515673 0.499102
 0.5 0.499953 0.499376 0.499218 0.501172 0.502787 0.506398 0.506127
 0.5 0.499859 0.49801 0.495637 0.492825 0.491785 0.490897 0.492434
 0.5 0.499773 0.49673 0.491989 0.485345 0.477719 0.47266 0.469231
 0.5 0.500449 0.505972 0.508657 0.512383 0.515288 0.515638 0.515318
 0.5 0.500154 0.502578 0.510067 0.515657 0.522656 0.528291 0.530709
 0.5 0.50026 0.50374 0.509477 0.521854 0.53294 0.544499 0.554958
 0.5 0.499055 0.487231 0.47868 0.466653 0.458999 0.453377 0.456517
 0.5 0.499944 0.498281 0.485742 0.476138 0.46293 0.454296 0.449079
 0.5 0.5 0.5 0.5 0.5 0.5 0.5 0.5
 0.5 0.5 0.5 0.5 0.5 0.5 0.5 0.5
 0.5 0.500035 0.500482 0.500927 0.501586 0.502329 0.50295 0.50347
 0.5 0.500007 0.500133 0.500671 0.50125 0.50206 0.502929 0.50397
 0.5 0.500005 0.50007 0.500254 0.500877 0.501554 0.502444 0.504033
 0.5 0.500026 0.500359 0.500753 0.501421 0.502592 0.503725 0.506017
 0.5 0.499687 0.49571 0.492057 0.486557 0.480581 0.4762 0.473957
 0.5 0.500241 0.503008 0.5021 0.502982 0.502598 0.500893 0.498867
 0.5 0.499893 0.49876 0.500159 0.497228 0.495829 0.493538 0.488437
 0.5 0.500101 0.50129 0.501448 0.504756 0.503978 0.504378 0.501245
 0.5 0.49966 0.495413 0.49227 0.486027 0.482113 0.475309 0.467825
 0.5 0.499169 0.488203 0.473391 0.454693 0.431102 0.41288 0.390167
 0.5 0.499933 0.49825 0.486435 0.470375 0.450291 0.425591 0.400597
 0.5 0.500054 0.500673 0.499674 0.488869 0.47394 0.454779 0.419426
 0.5 0.500117 0.501666 0.503776 0.504978 0.496657 0.483789 0.43715
 0.5 0.501827 0.525296 0.549986 0.585831 0.624088 0.646456 0.625636
 0.5 0.499978 0.501524 0.524714 0.548997 0.584406 0.622343 0.632506
 0.5 0.499945 0.49922 0.500066 0.522227 0.54537 0.579896 0.619356
 0.5 0.499959 0.499384 0.498141 0.49822 0.519521 0.541963 0.594349
 0.5 0.500031 0.500389 0.500212 0.499556 0.500298 0.522149 0.559273
 0.5 0.499794 0.497191 0.494925 0.490869 0.485839 0.482926 0.527878
 0.5 0.499982 0.499547 0.496715 0.494112 0.489675 0.484327 0.500898
 0.5 0.500047 0.500624 0.500782 0.498828 0.497213 0.493602 0.493873
 0.5 0.500141 0.50199 0.504363 0.507175 0.508215 0.509103 0.507566
 0.5 0.500227 0.50327 0.508011 0.514655 0.522281 0.52734 0.530769
 0.5 0.499551 0.494028 0.491343 0.487617 0.484712 0.484362 0.484682
 0.5 0.499846 0.497422 0.489933 0.484343 0.477344 0.471709 0.469291
 0.5 0.49974 0.49626 0.490523 0.478146 0.46706 0.455501 0.445042
 0.5 0.500945 0.512769 0.52132 0.533347 0.541001 0.546623 0.543483
 0.5 0.500056 0.501719 0.514258 0.523862 0.53707 0.545704 0.550921
#abund_frac_year
 0.5 0.5 0.499249 0.499276 0.499381 0.499365 0.503229 0.498584 0.501326 0.497849 0.506333 0.517027 0.507833 0.503643 0.499789 0.476741 0.489749 0.495946 0.49844 0.49889 0.502316 0.501458 0.50011 0.498305 0.496001 0.504718 0.503901 0.505154 0.487522 0.489043
 0.5 0.5 0.500751 0.500724 0.500619 0.500635 0.496771 0.501416 0.498674 0.502151 0.493667 0.482973 0.492167 0.496357 0.500211 0.523259 0.510251 0.504054 0.50156 0.50111 0.497684 0.498542 0.49989 0.501695 0.503999 0.495282 0.496099 0.494846 0.512478 0.510957
#abund_frac_region
 0.499373 0.500627
#debug
1541
