ParName   Value   Gradient
ln_T_CNST(1,1)    -0.982615 -0.000623855
ln_T_CNST(2,1)     -2.26968  0.000499508
log_sel_beta1(1,1)    -0.193585 -2.40717e-005
log_sel_beta1(2,1)    0.0995311 -5.26613e-006
log_sel_beta2(1,1)      1.27831 -0.000216533
log_sel_beta2(2,1)      1.40581  0.000342351
log_sel_beta1surv(1,1)    -0.157062 4.36205e-006
log_sel_beta1surv(2,1)   -0.0321769 -5.05265e-006
log_sel_beta2surv(1,1)      1.58923 -1.61097e-005
log_sel_beta2surv(2,1)      1.56934 -4.72966e-005
ln_q(1,1)    -0.254068 -2.14006e-005
ln_q(2,1)    -0.336122   0.00014282
ln_F(1,1)     -1.65655 -3.0493e-005
ln_F(2,1)     -1.54757 4.05128e-005
ln_F(3,1)     -1.30044 8.61847e-005
ln_F(4,1)     -1.37687 9.24121e-005
ln_F(5,1)     -1.43733 3.02288e-005
ln_F(6,1)      -1.1506 4.44439e-006
ln_F(7,1)    -0.920113 -2.58288e-005
ln_F(8,1)     -1.13978 -3.81597e-005
ln_F(9,1)    -0.839514 -6.2342e-005
ln_F(10,1)     -1.02532 4.86341e-005
ln_F(11,1)     -0.53616 8.07615e-005
ln_F(12,1)    -0.401304 8.83077e-005
ln_F(13,1)    -0.447185 4.44196e-005
ln_F(14,1)    -0.310647 -4.54949e-007
ln_F(15,1)   -0.0825056 -3.0475e-005
ln_F(16,1)    -0.154702 -9.02194e-006
ln_F(17,1)    -0.491037 -3.46859e-005
ln_F(18,1)    -0.124477 -3.24918e-005
ln_F(19,1)   -0.0755717 2.33127e-005
ln_F(20,1)     -0.25402 2.51822e-005
ln_F(21,1)    -0.252176 8.71051e-006
ln_F(22,1)    -0.381745 3.54407e-005
ln_F(23,1)    -0.375171 -9.34995e-006
ln_F(24,1)    -0.391834 4.47984e-005
ln_F(25,1)     -0.35174 -2.52028e-005
ln_F(26,1)    -0.330035 -3.0091e-005
ln_F(27,1)    -0.323729 -2.76027e-005
ln_F(28,1)    -0.539357 1.29619e-005
ln_F(29,1)    -0.727595 3.16102e-005
ln_F(30,1)    -0.447795 3.57682e-006
ln_F(31,1)    -0.633098 -4.91124e-006
ln_F(32,1)    -0.759618 2.13829e-005
ln_F(33,1)     -1.36764 -7.34427e-005
ln_F(34,1)    -0.836599 -8.99408e-005
ln_F(35,1)    -0.295849 -2.38788e-005
ln_F(36,1)     -2.60259 7.31844e-005
ln_F(37,1)      -1.6495 6.97052e-005
ln_F(38,1)    -0.846072 7.98331e-005
ln_F(39,1)     -0.81169  0.000127218
ln_F(40,1)    -0.912216 -0.000131671
ln_F(41,1)     -1.31243 -3.39466e-005
ln_F(42,1)     -1.27215 -0.000164529
ln_F(43,1)     -1.29532 -0.000143695
ln_F(44,1)     -1.32467 -5.11674e-005
ln_F(45,1)     -1.07899 4.26868e-005
ln_F(46,1)     -1.09134 3.12351e-005
ln_F(47,1)    -0.969158 -6.26954e-005
ln_F(48,1)     -1.05261 -6.48435e-005
ln_F(49,1)     -1.10226 3.04532e-005
ln_F(50,1)     -1.05683 5.77919e-005
ln_F(51,1)    -0.768558 -2.90183e-005
ln_F(52,1)      -1.0063 -3.31944e-005
ln_F(53,1)    -0.774589 -1.70486e-005
ln_F(54,1)    -0.963566 -3.1385e-005
ln_F(55,1)     -1.03312 1.33294e-005
ln_F(56,1)    -0.892424 1.44754e-005
ln_F(57,1)    -0.878623 -2.34215e-005
ln_F(58,1)    -0.848361 7.65965e-006
ln_F(59,1)     -0.93143 2.57394e-005
ln_F(60,1)    -0.651256 -7.20037e-006
ln_F(61,1)    -0.646723 -3.98749e-006
ln_F(62,1)    -0.629856 9.25545e-006
ln_F(63,1)     -0.59334 2.82975e-005
ln_F(64,1)     -0.64526 7.10112e-005
ln_F(65,1)    -0.706815 3.14541e-005
ln_F(66,1)    -0.762267 -2.17003e-005
ln_F(67,1)     -1.04714 -7.22696e-005
ln_F(68,1)    -0.823164 -1.25487e-005
ln_F(69,1)    -0.828625 3.84403e-005
ln_F(70,1)    -0.797132 -1.50196e-005
ln_F(71,1)    -0.913734 -7.06908e-005
ln_F(72,1)     -1.00347 -3.63233e-005
ln_F(73,1)     -1.09948 8.49376e-007
ln_F(74,1)      -1.1421 -1.91292e-005
ln_F(75,1)      -1.1411 -3.32982e-006
ln_F(76,1)    -0.985034 7.14208e-005
ln_F(77,1)    -0.996303 4.23622e-005
ln_F(78,1)     -1.20724 1.71433e-005
ln_F(79,1)     -1.16559 -1.65944e-005
ln_F(80,1)     -1.22758 -0.000139381
ln_rec_devs_RN(1,1)  -0.00981885 9.32155e-005
ln_rec_devs_RN(1,2)    0.0375781  0.000152285
ln_rec_devs_RN(1,3)      0.93894  0.000328244
ln_rec_devs_RN(1,4)      0.40586  0.000212934
ln_rec_devs_RN(1,5)    0.0621567  0.000164353
ln_rec_devs_RN(1,6)    -0.337507  0.000114011
ln_rec_devs_RN(1,7)    0.0837898  0.000189411
ln_rec_devs_RN(1,8)     0.316709  0.000299878
ln_rec_devs_RN(1,9)      0.23588  0.000257175
ln_rec_devs_RN(1,10)     0.402854  0.000188616
ln_rec_devs_RN(1,11)     0.447352 5.88112e-005
ln_rec_devs_RN(1,12)    -0.439156 4.34557e-006
ln_rec_devs_RN(1,13)   -0.0183191 5.70593e-005
ln_rec_devs_RN(1,14)     0.206722  0.000121187
ln_rec_devs_RN(1,15)  -0.00744503  0.000169598
ln_rec_devs_RN(1,16)   -0.0824331  0.000200722
ln_rec_devs_RN(1,17)     0.112551  0.000256489
ln_rec_devs_RN(1,18)    0.0917913  0.000211621
ln_rec_devs_RN(1,19)    -0.396673 4.46139e-005
ln_rec_devs_RN(1,20)     0.362908 -3.61947e-005
ln_rec_devs_RN(1,21)     -0.61168 -8.45668e-005
ln_rec_devs_RN(1,22)      0.28348 -0.000318781
ln_rec_devs_RN(1,23)     0.114343 -0.000272147
ln_rec_devs_RN(1,24)    -0.761689 -8.26699e-005
ln_rec_devs_RN(1,25)    -0.449792 -0.000111731
ln_rec_devs_RN(1,26)     0.210086 -0.000220556
ln_rec_devs_RN(1,27)     0.199719  -0.00028382
ln_rec_devs_RN(1,28)   -0.0340899 -0.000176183
ln_rec_devs_RN(1,29)    -0.175459  -0.00011883
ln_rec_devs_RN(1,30)    0.0438071 -3.99153e-005
ln_rec_devs_RN(1,31)     0.430316 4.58386e-005
ln_rec_devs_RN(1,32)    -0.384607 6.81346e-005
ln_rec_devs_RN(1,33)   -0.0194927  0.000115475
ln_rec_devs_RN(1,34)      0.98343   0.00016989
ln_rec_devs_RN(1,35)    0.0308541 -2.4045e-005
ln_rec_devs_RN(1,36)     0.534188 -0.000125274
ln_rec_devs_RN(1,37)     0.571197 -0.000163934
ln_rec_devs_RN(1,38)   -0.0685826 -5.50609e-005
ln_rec_devs_RN(1,39)    -0.189769 -2.01581e-005
ln_rec_devs_RN(2,1)    -0.193289 6.20594e-005
ln_rec_devs_RN(2,2)    -0.359652  0.000121919
ln_rec_devs_RN(2,3)   -0.0507184  0.000194839
ln_rec_devs_RN(2,4)     0.505102  0.000355296
ln_rec_devs_RN(2,5)    -0.680027  0.000114115
ln_rec_devs_RN(2,6)    -0.410555  0.000105023
ln_rec_devs_RN(2,7)     0.346067  0.000198921
ln_rec_devs_RN(2,8)     0.304781  0.000180557
ln_rec_devs_RN(2,9)    -0.304505 -9.94792e-007
ln_rec_devs_RN(2,10)    -0.142223 7.42591e-005
ln_rec_devs_RN(2,11)    -0.462986 -3.3678e-006
ln_rec_devs_RN(2,12)     0.591856  0.000116226
ln_rec_devs_RN(2,13)     0.392874    0.0001229
ln_rec_devs_RN(2,14)   -0.0866724  0.000122051
ln_rec_devs_RN(2,15)     0.929925  0.000511678
ln_rec_devs_RN(2,16)    -0.608924 6.26662e-005
ln_rec_devs_RN(2,17)     0.435405  0.000234557
ln_rec_devs_RN(2,18)     0.613508  0.000174577
ln_rec_devs_RN(2,19)     0.153488 -6.65371e-005
ln_rec_devs_RN(2,20)      0.51488 -0.000286892
ln_rec_devs_RN(2,21)     0.453393 -0.000499389
ln_rec_devs_RN(2,22)    -0.163616 -0.000339301
ln_rec_devs_RN(2,23)    0.0438873 -0.000373957
ln_rec_devs_RN(2,24)     0.245485 -0.000300387
ln_rec_devs_RN(2,25)  -0.00621774  -0.00014325
ln_rec_devs_RN(2,26)     0.262912 -0.000204258
ln_rec_devs_RN(2,27)     0.189263 -0.000223778
ln_rec_devs_RN(2,28)     -0.27585 -2.80419e-005
ln_rec_devs_RN(2,29)     0.491165 3.32384e-005
ln_rec_devs_RN(2,30)    -0.234216  0.000170671
ln_rec_devs_RN(2,31)     0.192626  0.000253416
ln_rec_devs_RN(2,32)     0.317096  0.000265521
ln_rec_devs_RN(2,33)     0.438875  0.000150676
ln_rec_devs_RN(2,34)     0.126113 -6.38998e-005
ln_rec_devs_RN(2,35)    -0.164349 -0.000139566
ln_rec_devs_RN(2,36)     0.347247 -0.000262424
ln_rec_devs_RN(2,37)    -0.546718 -4.86433e-005
ln_rec_devs_RN(2,38)   -0.0914465 -9.75247e-005
ln_rec_devs_RN(2,39)   0.00601722 -3.24709e-005
ln_abund_devs(1,1)      1.44807  8.7546e-005
ln_abund_devs(1,2)      1.14987 4.25956e-005
ln_abund_devs(1,3)      1.06096 2.99534e-005
ln_abund_devs(1,4)      1.40391 1.55235e-005
ln_abund_devs(1,5)      0.89842  5.3798e-006
ln_abund_devs(1,6)      0.95681  3.8554e-006
ln_abund_devs(1,7)      0.82549 5.06004e-006
ln_abund_devs(1,8)      1.37661 5.78785e-006
ln_abund_devs(1,9)      1.33072 7.50768e-006
ln_abund_devs(1,10)       0.7512 1.56176e-006
ln_abund_devs(1,11)     0.977817 3.91125e-006
ln_abund_devs(1,12)     0.934482 3.51131e-006
ln_abund_devs(1,13)     0.246259  9.0725e-007
ln_abund_devs(1,14)       1.0399  3.8276e-006
ln_abund_devs(1,15)      1.07176 -4.28557e-007
ln_abund_devs(2,1)     0.393022 2.29842e-005
ln_abund_devs(2,2)     0.900187 1.11648e-005
ln_abund_devs(2,3)     0.911859 -2.64608e-005
ln_abund_devs(2,4)     0.964282 -5.35319e-005
ln_abund_devs(2,5)      1.05798 -5.18367e-005
ln_abund_devs(2,6)     0.982749 -4.36907e-005
ln_abund_devs(2,7)     0.901922 -3.22767e-005
ln_abund_devs(2,8)     0.720275 -2.6324e-005
ln_abund_devs(2,9)     0.798325 -1.99343e-005
ln_abund_devs(2,10)      1.00781 -2.75375e-005
ln_abund_devs(2,11)       1.1333 -1.82702e-005
ln_abund_devs(2,12)      1.37106 -2.11394e-005
ln_abund_devs(2,13)      1.31446 -1.4629e-005
ln_abund_devs(2,14)      1.17856 -1.2521e-005
ln_abund_devs(2,15)       1.2004  1.1302e-005
ln_R_ave(1)      6.37564  0.000462676
ln_R_ave(2)      6.54965  -0.00016491
