# Number of parameters = 202  Objective function value = 58291.6  Maximum gradient component = 0.000623889
# ln_T_YR:
 -3.50000
 -3.50000
 -3.50000
 -3.50000
 -3.50000
 -3.50000
 -3.50000
 -3.50000
 -3.50000
 -3.50000
 -3.50000
 -3.50000
 -3.50000
 -3.50000
 -3.50000
 -3.50000
 -3.50000
 -3.50000
 -3.50000
 -3.50000
 -3.50000
 -3.50000
 -3.50000
 -3.50000
 -3.50000
 -3.50000
 -3.50000
 -3.50000
 -3.50000
 -3.50000
 -3.50000
 -3.50000
 -3.50000
 -3.50000
 -3.50000
 -3.50000
 -3.50000
 -3.50000
 -3.50000
 -3.50000
 -3.50000
 -3.50000
 -3.50000
 -3.50000
 -3.50000
 -3.50000
 -3.50000
 -3.50000
 -3.50000
 -3.50000
 -3.50000
 -3.50000
 -3.50000
 -3.50000
 -3.50000
 -3.50000
 -3.50000
 -3.50000
 -3.50000
 -3.50000
 -3.50000
 -3.50000
 -3.50000
 -3.50000
 -3.50000
 -3.50000
 -3.50000
 -3.50000
 -3.50000
 -3.50000
 -3.50000
 -3.50000
 -3.50000
 -3.50000
 -3.50000
 -3.50000
 -3.50000
 -3.50000
 -3.50000
 -3.50000
# ln_T_CNST:
 -0.982615
 -2.26968
# log_sel_beta1:
 -0.193585
 0.0995311
# log_sel_beta2:
 1.27831
 1.40581
# log_sel_beta3:
 -2.50000
 -2.50000
# log_sel_beta4:
 -2.50000
 -2.50000
# log_sel_beta1surv:
 -0.157062
 -0.0321769
# log_sel_beta2surv:
 1.58923
 1.56934
# log_sel_beta3surv:
 -2.50000
 -2.50000
# log_sel_beta4surv:
 -2.50000
 -2.50000
# ln_q:
 -0.254068
 -0.336122
# ln_F:
 -1.65655
 -1.54757
 -1.30044
 -1.37687
 -1.43733
 -1.15060
 -0.920113
 -1.13978
 -0.839514
 -1.02532
 -0.536160
 -0.401304
 -0.447185
 -0.310647
 -0.0825056
 -0.154702
 -0.491037
 -0.124477
 -0.0755717
 -0.254020
 -0.252176
 -0.381745
 -0.375171
 -0.391834
 -0.351740
 -0.330035
 -0.323729
 -0.539357
 -0.727595
 -0.447795
 -0.633098
 -0.759618
 -1.36764
 -0.836599
 -0.295849
 -2.60259
 -1.64950
 -0.846072
 -0.811690
 -0.912216
 -1.31243
 -1.27215
 -1.29532
 -1.32467
 -1.07899
 -1.09134
 -0.969158
 -1.05261
 -1.10226
 -1.05683
 -0.768558
 -1.00630
 -0.774589
 -0.963566
 -1.03312
 -0.892424
 -0.878623
 -0.848361
 -0.931430
 -0.651256
 -0.646723
 -0.629856
 -0.593340
 -0.645260
 -0.706815
 -0.762267
 -1.04714
 -0.823164
 -0.828625
 -0.797132
 -0.913734
 -1.00347
 -1.09948
 -1.14210
 -1.14110
 -0.985034
 -0.996303
 -1.20724
 -1.16559
 -1.22758
# F_rho:
 1.00000
 1.00000
# ln_rec_prop:
 -2.00000
 -2.00000
# ln_rec_prop_year:
 0.00000 0.00000 0.00000 0.00000 0.00000 0.00000 0.00000 0.00000 0.00000 0.00000 0.00000 0.00000 0.00000 0.00000 0.00000 0.00000 0.00000 0.00000 0.00000 0.00000 0.00000 0.00000 0.00000 0.00000 0.00000 0.00000 0.00000 0.00000 0.00000 0.00000 0.00000 0.00000 0.00000 0.00000 0.00000 0.00000 0.00000 0.00000 0.00000 0.00000
 0.00000 0.00000 0.00000 0.00000 0.00000 0.00000 0.00000 0.00000 0.00000 0.00000 0.00000 0.00000 0.00000 0.00000 0.00000 0.00000 0.00000 0.00000 0.00000 0.00000 0.00000 0.00000 0.00000 0.00000 0.00000 0.00000 0.00000 0.00000 0.00000 0.00000 0.00000 0.00000 0.00000 0.00000 0.00000 0.00000 0.00000 0.00000 0.00000 0.00000
# ln_rec_devs_RN:
 -0.00981885 0.0375781 0.938940 0.405860 0.0621567 -0.337507 0.0837898 0.316709 0.235880 0.402854 0.447352 -0.439156 -0.0183191 0.206722 -0.00744503 -0.0824331 0.112551 0.0917913 -0.396673 0.362908 -0.611680 0.283480 0.114343 -0.761689 -0.449792 0.210086 0.199719 -0.0340899 -0.175459 0.0438071 0.430316 -0.384607 -0.0194927 0.983430 0.0308541 0.534188 0.571197 -0.0685826 -0.189769
 -0.193289 -0.359652 -0.0507184 0.505102 -0.680027 -0.410555 0.346067 0.304781 -0.304505 -0.142223 -0.462986 0.591856 0.392874 -0.0866724 0.929925 -0.608924 0.435405 0.613508 0.153488 0.514880 0.453393 -0.163616 0.0438873 0.245485 -0.00621774 0.262912 0.189263 -0.275850 0.491165 -0.234216 0.192626 0.317096 0.438875 0.126113 -0.164349 0.347247 -0.546718 -0.0914465 0.00601722
# ln_abund_devs:
 1.44807 1.14987 1.06096 1.40391 0.898420 0.956810 0.825490 1.37661 1.33072 0.751200 0.977817 0.934482 0.246259 1.03990 1.07176
 0.393022 0.900187 0.911859 0.964282 1.05798 0.982749 0.901922 0.720275 0.798325 1.00781 1.13330 1.37106 1.31446 1.17856 1.20040
# ln_R_ave:
 6.37564 6.54965
# steep:
 0.814000 0.814000
# dummy:
0.00000000000
