#nages
15
#nyrs
40
#npops
2
#nregions
 1 1
#nfleets
 1 1
#nfleets_survey
 1 1
#tsurvey
 0
 0
#larval_move_switch
0
#move_switch
4
#natal_homing_switch
0
#spawn_return_switch
0
#select_switch
1
#select_switch_survey
1
#maturity_switch_equil
0
#SSB_type
2
#Rec_type
1
#apportionment_type
1
#use_stock_comp_info_survey
0
#use_stock_comp_info_catch
0
#F_switch
1
#recruit_devs_switch
1
#recruit_randwalk_switch
0
#tspawn
 0 0
#return_age
4
#return_probability
 1 1
#spawn_return_prob
 1 1
#do_tag
1
#do_tag_mult
1
#sigma_recruit
 0.4 0.4
#ph_lmr
1
#ph_rec
2
#ph_abund_devs
1
#ph_F
3
#ph_steep
-1
#ph_M
-1
#ph_sel_log
6
#lb_sel_beta1
-10
#ub_sel_beta1
2
#lb_sel_beta2
-10
#ub_sel_beta2
2
#ph_sel_log_surv
5
#ph_sel_dubl
-1
#ph_sel_dubl_surv
-1
#ph_q
1
#ph_F_rho
-1
#ph_T_YR
-5
#ph_T_CNST
4
#ph_dummy
-1
#wt_surv
1
#wt_catch
1
#wt_fish_age
1
#wt_srv_age
1
#wt_rec
1
#wt_tag
1
#abund_pen_switch
0
#move_pen_switch
1
#Tpen
-5
#Tpen2
1
#input_Rec_prop
 1
 1
#input_weight
 0.101 0.273 0.377 0.473 0.545 0.622 0.674 0.754 0.805 0.833 0.909 0.952 0.938 0.918 0.982
 0.101 0.273 0.377 0.473 0.545 0.622 0.674 0.754 0.805 0.833 0.909 0.952 0.938 0.918 0.982
#input_catch_weight
 0.101 0.273 0.377 0.473 0.545 0.622 0.674 0.754 0.805 0.833 0.909 0.952 0.938 0.918 0.982
 0.101 0.273 0.377 0.473 0.545 0.622 0.674 0.754 0.805 0.833 0.909 0.952 0.938 0.918 0.982
#fecundity
 0 0.12 0.54 0.71 0.87 1 1 1 1 1 1 1 1 1 1
 0 0.12 0.54 0.71 0.87 1 1 1 1 1 1 1 1 1 1
#maturity
 0 0.12 0.54 0.71 0.87 1 1 1 1 1 1 1 1 1 1
 0 0.12 0.54 0.71 0.87 1 1 1 1 1 1 1 1 1 1
#prop_fem
 0.5
 0.5
#OBS_rec_index_BM
 1296.21 186.609 487.275 821.007 689.38 710.423 700.464 1442 305.98 677.039 671.371 619.532 572.366 700.821 955.177 389.641 1016.11 650.659 484.593 201.409 1145.85 461.612 1166.62 298.586 202.139 314.07 1667.08 735.177 505.889 723.134 243.621 1098.87 407.753 368.457 1878.08 186.981 647.317 1361.74 192.863 272.984
 1776.69 686.418 321.904 869.706 1475.7 302.147 787.163 616.484 955.853 395.7 231.046 229.723 383.397 468.019 1190.51 1752.3 334.077 1116.69 1381.4 794.656 1061.27 1334.05 722.151 343.481 493.878 796.013 887.802 466.899 278.13 613.214 471.465 277.839 912.864 924.613 1515.1 463.499 1457.92 697.804 699.35 566.873
#OBS_survey_fleet_bio
 1134.08
 796.147
 513.886
 805.202
 438.988
 359.129
 309.311
 225.753
 251.049
 113.72
 171.754
 117.115
 106.87
 97.3727
 107.076
 85.377
 80.7713
 116.907
 89.5465
 99.391
 75.4465
 81.1426
 112.803
 70.2144
 92.9076
 79.7792
 86.4679
 59.0972
 120.419
 97.9433
 82.6926
 81.9331
 110.803
 98.5989
 97.7582
 144.64
 207.563
 148.944
 174.102
 135.264
 1452.98
 1495.16
 1290.72
 1349.87
 1202.39
 676.582
 573.476
 381.203
 571.627
 609.848
 308.635
 409.08
 244.424
 257.067
 296.677
 370.378
 307.417
 281.618
 336.647
 395.641
 370.984
 225.644
 200.199
 362.426
 220.141
 216.103
 294.554
 277.529
 241.918
 202.166
 272.572
 325.445
 248.137
 316.569
 264.023
 374.573
 357.992
 381.44
 439.93
 362.576
#OBS_survey_fleet_bio_se
 0.2
 0.2
 0.2
 0.2
 0.2
 0.2
 0.2
 0.2
 0.2
 0.2
 0.2
 0.2
 0.2
 0.2
 0.2
 0.2
 0.2
 0.2
 0.2
 0.2
 0.2
 0.2
 0.2
 0.2
 0.2
 0.2
 0.2
 0.2
 0.2
 0.2
 0.2
 0.2
 0.2
 0.2
 0.2
 0.2
 0.2
 0.2
 0.2
 0.2
 0.2
 0.2
 0.2
 0.2
 0.2
 0.2
 0.2
 0.2
 0.2
 0.2
 0.2
 0.2
 0.2
 0.2
 0.2
 0.2
 0.2
 0.2
 0.2
 0.2
 0.2
 0.2
 0.2
 0.2
 0.2
 0.2
 0.2
 0.2
 0.2
 0.2
 0.2
 0.2
 0.2
 0.2
 0.2
 0.2
 0.2
 0.2
 0.2
 0.2

#OBS_survey_prop
 0.03 0 0.06 0.12 0.08 0.06 0.08 0.17 0.14 0.06 0.08 0.04 0.02 0.05 0.01
 0.02 0.02 0.06 0.12 0.19 0.14 0.1 0.04 0.12 0.04 0.04 0.03 0.02 0.01 0.05
 0 0 0.12 0.12 0.12 0.14 0.13 0.04 0.07 0.07 0.06 0.03 0.04 0.04 0.02
 0.08 0.03 0.04 0.1 0.11 0.11 0.2 0.06 0.04 0.06 0.07 0.06 0.02 0.01 0.01
 0.05 0.07 0.02 0.05 0.2 0.17 0.06 0.1 0.05 0.04 0.02 0.09 0.01 0.01 0.06
 0.03 0.04 0.05 0.06 0.05 0.2 0.13 0.1 0.08 0.06 0.06 0.02 0.03 0.03 0.06
 0.01 0.04 0.1 0.18 0.13 0.1 0.13 0.1 0.04 0.07 0.04 0 0.02 0 0.04
 0.02 0.04 0.08 0.19 0.18 0.09 0.07 0.08 0.09 0.02 0.04 0.04 0.01 0.02 0.03
 0.05 0.09 0.07 0.17 0.21 0.15 0.04 0.06 0.05 0.05 0 0.03 0 0 0.03
 0.06 0.11 0.14 0.08 0.07 0.22 0.13 0.07 0.03 0.05 0.02 0.01 0 0 0.01
 0.09 0.09 0.15 0.18 0.13 0.04 0.12 0.05 0.03 0.02 0.05 0.01 0.01 0.01 0.02
 0.05 0.1 0.09 0.19 0.22 0.1 0.07 0.05 0.01 0.05 0.02 0.01 0 0 0.04
 0.04 0.12 0.21 0.12 0.18 0.15 0.06 0.02 0.04 0.02 0 0 0.01 0 0.03
 0.07 0.09 0.16 0.23 0.12 0.18 0.04 0.02 0.04 0.01 0.03 0 0 0.01 0
 0.07 0.16 0.09 0.22 0.15 0.17 0.07 0.02 0.03 0 0 0.01 0 0 0.01
 0.05 0.04 0.17 0.25 0.15 0.12 0.06 0.07 0.03 0.02 0.01 0.01 0.01 0 0.01
 0.08 0.11 0.14 0.24 0.19 0.1 0.09 0.01 0.04 0 0 0 0 0 0
 0.07 0.07 0.2 0.28 0.11 0.14 0.07 0.03 0 0 0 0 0 0.01 0.02
 0.1 0.17 0.12 0.28 0.11 0.09 0.07 0.02 0.03 0 0.01 0 0 0 0
 0.04 0.18 0.17 0.08 0.24 0.13 0.1 0.03 0.02 0.01 0 0 0 0 0
 0.13 0.06 0.18 0.26 0.14 0.12 0.07 0.02 0 0 0.01 0 0.01 0 0
 0.09 0.14 0.16 0.24 0.13 0.09 0.07 0.04 0 0.02 0.01 0.01 0 0 0
 0.09 0.07 0.22 0.17 0.18 0.17 0.05 0.04 0.01 0 0 0 0 0 0
 0.07 0.16 0.09 0.23 0.16 0.18 0.07 0 0.02 0.02 0 0 0 0 0
 0.02 0.19 0.08 0.11 0.28 0.12 0.11 0.04 0.02 0.02 0 0 0 0 0.01
 0.02 0.07 0.15 0.25 0.15 0.22 0.08 0.02 0.03 0.01 0 0 0 0 0
 0.07 0.08 0.06 0.2 0.2 0.14 0.13 0.08 0.01 0.03 0 0 0 0 0
 0.11 0.15 0.09 0.12 0.21 0.12 0.08 0.05 0.03 0 0.03 0 0.01 0 0
 0.07 0.15 0.15 0.13 0.17 0.21 0.07 0.03 0 0 0.02 0 0 0 0
 0.13 0.06 0.18 0.24 0.1 0.13 0.1 0.01 0 0.04 0 0.01 0 0 0
 0.07 0.12 0.13 0.16 0.26 0.08 0.09 0.05 0.03 0.01 0 0 0 0 0
 0.11 0.1 0.11 0.17 0.25 0.12 0.04 0.05 0.01 0.03 0 0 0 0.01 0
 0.07 0.16 0.13 0.22 0.15 0.16 0.07 0.02 0.01 0 0 0.01 0 0 0
 0.02 0.05 0.16 0.18 0.21 0.19 0.09 0.03 0.03 0.02 0.01 0 0 0.01 0
 0.13 0.13 0.09 0.11 0.13 0.19 0.06 0.08 0.03 0.02 0.03 0 0 0 0
 0.05 0.16 0.11 0.19 0.21 0.11 0.07 0.04 0.04 0.02 0 0 0 0 0
 0.08 0.05 0.17 0.13 0.13 0.18 0.16 0.06 0.02 0 0.02 0 0 0 0
 0.1 0.13 0.07 0.27 0.15 0.07 0.15 0.02 0.01 0.02 0.01 0 0 0 0
 0.04 0.15 0.14 0.09 0.23 0.12 0.1 0.06 0.02 0.03 0 0 0 0.02 0
 0.01 0.06 0.15 0.3 0.15 0.14 0.06 0.06 0.04 0.01 0 0.02 0 0 0 0 0 0.07 0.1 0.16 0.1 0.1 0.15 0.05 0.08 0.07 0.03 0.04 0.03 0.02
 0.01 0.03 0.06 0.06 0.16 0.06 0.13 0.04 0.11 0.05 0.07 0.04 0.05 0.03 0.1
 0 0.01 0.06 0.14 0.1 0.13 0.15 0.08 0.05 0.1 0.04 0.03 0.04 0.03 0.04
 0.02 0.01 0.06 0.09 0.18 0.12 0.15 0.06 0.07 0.07 0.03 0.04 0.02 0.03 0.05
 0.03 0 0.02 0.03 0.22 0.16 0.1 0.12 0.06 0.09 0.04 0.03 0.06 0.01 0.03
 0 0.05 0.05 0.08 0.11 0.2 0.11 0.13 0.05 0.05 0.04 0.04 0.02 0.03 0.04
 0.01 0.04 0.08 0.16 0.08 0.08 0.25 0.1 0.04 0.08 0.01 0.02 0.01 0.02 0.02
 0.03 0.01 0.05 0.19 0.21 0.09 0.03 0.07 0.08 0.03 0.06 0.03 0.04 0.05 0.03
 0.02 0.05 0.03 0.1 0.23 0.19 0.09 0.07 0.05 0.06 0.05 0.01 0.02 0.01 0.02
 0.03 0.07 0.06 0.1 0.11 0.12 0.17 0.1 0.02 0.05 0.06 0.03 0.04 0 0.04
 0.02 0.03 0.16 0.2 0.1 0.11 0.17 0.06 0.01 0.01 0.02 0.01 0.02 0.02 0.06
 0.02 0.03 0.09 0.21 0.22 0.09 0.06 0.14 0.06 0.02 0 0.03 0.02 0.01 0
 0.04 0.02 0.14 0.11 0.34 0.15 0.05 0.02 0.05 0.03 0.01 0 0.04 0 0
 0.03 0.08 0.08 0.17 0.14 0.2 0.14 0.03 0.04 0.04 0.02 0 0.01 0.01 0.01
 0.01 0.09 0.17 0.14 0.16 0.15 0.09 0.1 0.02 0.01 0.04 0 0 0 0.02
 0.07 0.01 0.11 0.24 0.16 0.13 0.13 0.06 0.04 0.01 0.01 0.02 0 0 0.01
 0.01 0.18 0.12 0.13 0.28 0.11 0.07 0.04 0.03 0 0.01 0.01 0 0 0.01
 0.06 0.02 0.17 0.08 0.25 0.2 0.09 0.06 0.04 0.02 0 0.01 0 0 0
 0.04 0.11 0.06 0.32 0.19 0.14 0.08 0.02 0.03 0.01 0 0 0 0 0
 0.07 0.05 0.15 0.06 0.35 0.13 0.08 0.04 0.04 0.02 0 0.01 0 0 0
 0.05 0.07 0.12 0.26 0.09 0.24 0.07 0.04 0.03 0.01 0.02 0 0 0 0
 0.04 0.14 0.12 0.29 0.15 0.03 0.18 0.02 0.03 0 0 0 0 0 0
 0.01 0.1 0.17 0.12 0.34 0.13 0.05 0.05 0.01 0.01 0.01 0 0 0 0
 0.01 0.07 0.13 0.22 0.18 0.21 0.1 0.02 0.04 0.02 0 0 0 0 0
 0.04 0.05 0.16 0.19 0.22 0.17 0.12 0.02 0 0.03 0 0 0 0 0
 0.04 0.08 0.08 0.16 0.24 0.22 0.08 0.07 0.02 0 0.01 0 0 0 0
 0.02 0.05 0.15 0.15 0.17 0.22 0.14 0.04 0.03 0.02 0 0.01 0 0 0
 0 0.08 0.1 0.19 0.19 0.15 0.14 0.07 0.05 0.02 0 0 0 0 0.01
 0.02 0.14 0.21 0.21 0.11 0.13 0.13 0.02 0.02 0.01 0 0 0 0 0
 0.03 0.03 0.11 0.21 0.19 0.19 0.08 0.09 0.05 0.01 0 0.01 0 0 0
 0 0.05 0.08 0.26 0.28 0.11 0.08 0.1 0.03 0 0.01 0 0 0 0
 0 0.04 0.15 0.16 0.16 0.2 0.13 0.06 0.01 0.03 0.01 0.04 0 0.01 0
 0.04 0.06 0.06 0.25 0.07 0.22 0.18 0.05 0.04 0.01 0.01 0 0 0.01 0
 0.02 0.1 0.2 0.12 0.2 0.1 0.15 0.1 0 0.01 0 0 0 0 0
 0.03 0.08 0.09 0.18 0.13 0.21 0.08 0.13 0.03 0.01 0.03 0 0 0 0
 0.02 0.07 0.15 0.14 0.23 0.11 0.16 0.06 0.04 0.01 0.01 0 0 0 0
 0 0.05 0.17 0.18 0.21 0.17 0.08 0.07 0.06 0 0.01 0 0 0 0
 0.01 0.06 0.05 0.31 0.21 0.11 0.1 0.05 0.05 0.01 0.01 0.02 0 0 0.01
 0.02 0.01 0.17 0.13 0.29 0.16 0.06 0.06 0.02 0.04 0.03 0.01 0 0 0
 0.02 0.03 0.07 0.19 0.11 0.26 0.15 0.05 0.07 0.01 0.03 0 0.01 0 0
#OBS_survey_prop_N
 100
 100
 100
 100
 100
 100
 100
 100
 100
 100
 100
 100
 100
 100
 100
 100
 100
 100
 100
 100
 100
 100
 100
 100
 100
 100
 100
 100
 100
 100
 100
 100
 100
 100
 100
 100
 100
 100
 100
 100
 100
 100
 100
 100
 100
 100
 100
 100
 100
 100
 100
 100
 100
 100
 100
 100
 100
 100
 100
 100
 100
 100
 100
 100
 100
 100
 100
 100
 100
 100
 100
 100
 100
 100
 100
 100
 100
 100
 100
 100

#OBS_yield_fleet
 293.552
 250.947
 244.783
 175.906
 134.59
 144.927
 144.682
 95.4986
 108.256
 80.3789
 119.051
 121.037
 106.597
 110.763
 124.691
 111.231
 85.386
 123.532
 122.828
 102.386
 103.701
 93.8267
 96.0944
 95.6093
 96.2876
 91.3045
 86.0758
 72.8662
 66.8274
 91.3206
 76.6782
 71.4087
 43.9288
 79.3488
 131.033
 15.3445
 48.1708
 111.05
 109.226
 93.332
 582.022
 544.543
 470.7
 397.048
 417.964
 331.356
 308.418
 242.313
 201.471
 185.591
 222.211
 164.518
 195.271
 154.602
 145.873
 170.433
 174.522
 182.377
 171.066
 217.013
 205.714
 204.265
 207.517
 193.847
 179.389
 165.447
 124.357
 154.911
 151.913
 159.988
 147.223
 139.508
 133.452
 137.043
 146.76
 175.914
 182.341
 159.659
 173.865
 164.549
#OBS_yield_fleet_se
 0.05
 0.05
 0.05
 0.05
 0.05
 0.05
 0.05
 0.05
 0.05
 0.05
 0.05
 0.05
 0.05
 0.05
 0.05
 0.05
 0.05
 0.05
 0.05
 0.05
 0.05
 0.05
 0.05
 0.05
 0.05
 0.05
 0.05
 0.05
 0.05
 0.05
 0.05
 0.05
 0.05
 0.05
 0.05
 0.05
 0.05
 0.05
 0.05
 0.05
 0.05
 0.05
 0.05
 0.05
 0.05
 0.05
 0.05
 0.05
 0.05
 0.05
 0.05
 0.05
 0.05
 0.05
 0.05
 0.05
 0.05
 0.05
 0.05
 0.05
 0.05
 0.05
 0.05
 0.05
 0.05
 0.05
 0.05
 0.05
 0.05
 0.05
 0.05
 0.05
 0.05
 0.05
 0.05
 0.05
 0.05
 0.05
 0.05
 0.05

#OBS_catch_prop
 0.05 0.08 0.05 0.18 0.1 0.1 0.08 0.07 0.12 0.05 0.03 0.02 0.02 0.01 0.04
 0.04 0.07 0.08 0.17 0.1 0.12 0.14 0.04 0.08 0 0.03 0.03 0.04 0.03 0.03
 0.03 0.04 0.13 0.18 0.12 0.06 0.08 0.08 0.08 0.05 0.01 0.02 0.03 0.05 0.04
 0.11 0.05 0.05 0.12 0.14 0.13 0.1 0.05 0.06 0.04 0.02 0.04 0.02 0.02 0.05
 0.07 0.1 0.07 0.07 0.19 0.11 0.08 0.1 0.03 0.06 0.03 0.02 0.01 0.02 0.04
 0.09 0.1 0.19 0.06 0.06 0.15 0.09 0.07 0.05 0.01 0.05 0.02 0.01 0.03 0.02
 0.04 0.09 0.14 0.25 0.12 0.05 0.1 0.09 0.02 0.01 0.01 0.03 0.04 0 0.01
 0.07 0.1 0.1 0.2 0.27 0.04 0.01 0.07 0.04 0.05 0.01 0.03 0 0 0.01
 0.17 0.16 0.08 0.14 0.13 0.11 0.04 0.02 0.05 0 0.02 0.04 0.01 0.01 0.02
 0.19 0.13 0.2 0.09 0.08 0.09 0.11 0.01 0.01 0.01 0.01 0 0.01 0 0.06
 0.16 0.11 0.27 0.15 0.08 0.06 0.08 0.06 0.01 0 0.01 0 0 0 0.01
 0.15 0.13 0.25 0.17 0.2 0.03 0.01 0.03 0.02 0 0 0.01 0 0 0
 0.06 0.25 0.2 0.11 0.15 0.11 0.02 0.03 0.02 0.03 0.02 0 0 0 0
 0.14 0.14 0.26 0.16 0.19 0.08 0.01 0 0 0.02 0 0 0 0 0
 0.17 0.13 0.17 0.19 0.16 0.04 0.09 0.02 0.02 0.01 0 0 0 0 0
 0.18 0.25 0.15 0.13 0.12 0.1 0.02 0.02 0.02 0 0 0 0.01 0 0
 0.06 0.3 0.21 0.2 0.12 0.06 0.03 0 0 0 0 0.01 0.01 0 0
 0.12 0.21 0.29 0.11 0.14 0.04 0.04 0.03 0.02 0 0 0 0 0 0
 0.18 0.23 0.19 0.17 0.12 0.07 0.04 0 0 0 0 0 0 0 0
 0.09 0.18 0.31 0.14 0.17 0.06 0.03 0.01 0 0 0.01 0 0 0 0
 0.14 0.15 0.26 0.22 0.09 0.1 0.03 0.01 0 0 0 0 0 0 0
 0.08 0.31 0.14 0.24 0.13 0.03 0.05 0.01 0 0.01 0 0 0 0 0
 0.18 0.09 0.28 0.16 0.14 0.07 0.03 0.05 0 0 0 0 0 0 0
 0.11 0.19 0.14 0.32 0.07 0.08 0.04 0.02 0.03 0 0 0 0 0 0
 0.09 0.21 0.21 0.16 0.21 0.01 0.06 0.04 0 0.01 0 0 0 0 0
 0.09 0.09 0.22 0.31 0.09 0.12 0.01 0.03 0.03 0.01 0 0 0 0 0
 0.15 0.18 0.15 0.14 0.16 0.06 0.08 0.02 0.04 0.01 0.01 0 0 0 0
 0.21 0.23 0.16 0.11 0.12 0.05 0.06 0.03 0.03 0 0 0 0 0 0
 0.13 0.14 0.29 0.18 0.09 0.09 0.03 0.04 0.01 0 0 0 0 0 0
 0.07 0.19 0.25 0.22 0.06 0.06 0.09 0.04 0.01 0.01 0 0 0 0 0
 0.14 0.1 0.18 0.24 0.21 0.04 0.04 0.01 0.03 0 0 0 0 0 0.01
 0.18 0.14 0.26 0.17 0.13 0.08 0 0.02 0.01 0.01 0 0 0 0 0
 0.07 0.21 0.16 0.18 0.12 0.12 0.07 0.03 0.03 0.01 0 0 0 0 0
 0.08 0.07 0.23 0.19 0.24 0.09 0.09 0 0.01 0 0 0 0 0 0
 0.34 0.1 0.1 0.23 0.09 0.1 0.02 0 0.02 0 0 0 0 0 0
 0.07 0.27 0.18 0.09 0.16 0.08 0.06 0.03 0.05 0 0 0 0.01 0 0
 0.13 0.17 0.26 0.11 0.11 0.12 0.03 0.03 0.02 0.02 0 0 0 0 0
 0.2 0.16 0.14 0.2 0.18 0.03 0.06 0.01 0.01 0 0 0.01 0 0 0
 0.05 0.14 0.19 0.2 0.2 0.11 0.06 0.01 0.03 0.01 0 0 0 0 0
 0.09 0.16 0.17 0.25 0.06 0.12 0.08 0.03 0.01 0.01 0 0.02 0 0 0 0.02 0.05 0.05 0.08 0.13 0.11 0.1 0.07 0.08 0.05 0.08 0.07 0.05 0.03 0.03
 0 0.01 0.01 0.18 0.17 0.19 0.07 0.06 0.03 0.09 0.03 0.02 0.07 0.04 0.03
 0 0.04 0.07 0.18 0.15 0.13 0.05 0.11 0.08 0.01 0.03 0.06 0.02 0.02 0.05
 0.03 0 0.04 0.2 0.16 0.13 0.13 0.06 0.05 0.03 0.03 0.05 0.02 0.03 0.04
 0.04 0.06 0.05 0.04 0.21 0.19 0.09 0.08 0.08 0.05 0.01 0.02 0.03 0.01 0.04
 0 0.06 0.12 0.07 0.13 0.15 0.14 0.15 0.05 0.02 0.02 0.01 0 0.02 0.06
 0.01 0.01 0.14 0.18 0.09 0.06 0.16 0.09 0.07 0.04 0.04 0.01 0.02 0.01 0.07
 0.01 0.01 0.06 0.23 0.21 0.05 0.08 0.05 0.08 0.05 0.05 0.04 0 0.04 0.04
 0.01 0.08 0.08 0.07 0.24 0.22 0.03 0.04 0.09 0.03 0.02 0.01 0.02 0.02 0.04
 0.01 0.05 0.19 0.14 0.09 0.2 0.12 0.03 0.04 0.05 0.03 0.02 0.01 0 0.02
 0.03 0.05 0.14 0.25 0.16 0.11 0.11 0.04 0.04 0.01 0.02 0.01 0 0.01 0.02
 0.01 0.02 0.09 0.29 0.25 0.09 0.08 0.07 0.02 0.02 0.02 0.01 0 0.01 0.02
 0.03 0.03 0.09 0.25 0.23 0.23 0.03 0.03 0.06 0.02 0 0 0 0 0
 0.07 0.07 0.13 0.23 0.12 0.22 0.12 0.02 0 0.01 0 0 0 0.01 0
 0.02 0.09 0.14 0.2 0.19 0.14 0.11 0.06 0.02 0 0.01 0.01 0 0 0.01
 0.03 0.08 0.23 0.24 0.12 0.14 0.07 0.05 0.02 0.01 0 0 0 0 0.01
 0.02 0.16 0.13 0.24 0.28 0.08 0.04 0.02 0.02 0 0.01 0 0 0 0
 0.07 0.02 0.23 0.16 0.22 0.11 0.09 0.04 0.02 0.02 0 0 0.01 0 0.01
 0.06 0.04 0.12 0.38 0.16 0.09 0.07 0.02 0.02 0.02 0.01 0.01 0 0 0
 0.04 0.14 0.18 0.19 0.27 0.07 0.07 0.04 0 0 0 0 0 0 0
 0.06 0.07 0.28 0.28 0.05 0.11 0.08 0.05 0.01 0 0.01 0 0 0 0
 0.03 0.09 0.13 0.28 0.23 0.05 0.13 0.04 0.01 0.01 0 0 0 0 0
 0 0.12 0.3 0.1 0.23 0.16 0.02 0.05 0.01 0 0 0 0.01 0 0
 0.03 0.06 0.23 0.25 0.14 0.15 0.1 0.03 0.01 0 0 0 0 0 0
 0.02 0.09 0.11 0.24 0.18 0.14 0.11 0.05 0.02 0.03 0.01 0 0 0 0
 0.02 0.13 0.16 0.21 0.16 0.16 0.06 0.06 0.03 0.01 0 0 0 0 0
 0.03 0.08 0.14 0.26 0.12 0.21 0.14 0 0.02 0 0 0 0 0 0
 0.06 0.06 0.13 0.2 0.22 0.12 0.11 0.07 0 0.03 0 0 0 0 0
 0.03 0.12 0.08 0.17 0.23 0.18 0.08 0.05 0.04 0 0.02 0 0 0 0
 0.03 0.05 0.19 0.3 0.15 0.13 0.06 0.05 0.01 0.02 0.01 0 0 0 0
 0.02 0.08 0.13 0.21 0.28 0.14 0.05 0.04 0.01 0.03 0.01 0 0 0 0
 0.05 0.06 0.16 0.14 0.24 0.23 0.09 0.02 0 0.01 0 0 0 0 0
 0.03 0.11 0.11 0.28 0.14 0.14 0.1 0.04 0 0.04 0 0 0 0 0.01
 0.04 0.09 0.24 0.18 0.16 0.07 0.05 0.09 0.04 0.01 0.01 0.02 0 0 0
 0.05 0.04 0.13 0.18 0.23 0.23 0.07 0.03 0.02 0.01 0 0 0 0.01 0
 0.02 0.07 0.14 0.24 0.16 0.08 0.17 0.09 0.01 0.01 0.01 0 0 0 0
 0.04 0.06 0.28 0.22 0.17 0.06 0.04 0.05 0.04 0.01 0.01 0.01 0 0 0.01
 0.01 0.1 0.13 0.24 0.22 0.11 0.07 0.06 0.02 0 0.03 0.01 0 0 0
 0.02 0.03 0.15 0.15 0.35 0.15 0.07 0.04 0 0.03 0.01 0 0 0 0
 0.02 0.04 0.1 0.28 0.16 0.15 0.14 0.04 0.05 0 0.02 0 0 0 0
#OBS_catch_prop_N
 100
 100
 100
 100
 100
 100
 100
 100
 100
 100
 100
 100
 100
 100
 100
 100
 100
 100
 100
 100
 100
 100
 100
 100
 100
 100
 100
 100
 100
 100
 100
 100
 100
 100
 100
 100
 100
 100
 100
 100
 100
 100
 100
 100
 100
 100
 100
 100
 100
 100
 100
 100
 100
 100
 100
 100
 100
 100
 100
 100
 100
 100
 100
 100
 100
 100
 100
 100
 100
 100
 100
 100
 100
 100
 100
 100
 100
 100
 100
 100

#nyrs_release
5
#years_of_tag_releases 
 1 3 5 7 9
#max_life_tags
4
#report_rate
 1
 1
 1
 1
 1
 1
 1
 1
 1
 1
#ntags
 22.0916 33.3803 59.9812 97.5003 134.54 152.605 146.941 127.992 106.065 85.9668 69.0273 55.2117 44.0913 35.188 28.0752
 7.72247 13.5779 42.8081 58.7212 74.1832 76.5233 68.5928 57.4369 46.7603 37.6256 30.1251 24.0685 19.2124 15.3302 29.7695
 13.539 25.3991 18.8342 28.7362 74.016 67.1619 53.6996 40.0249 29.9327 23.0197 18.0732 14.3289 11.4044 9.08988 24.2555
 7.322 12.4281 29.8124 46.5002 26.2857 26.1809 46.6461 31.4674 20.9599 14.2986 10.2815 7.7802 6.07012 4.80106 14.9745
 17.0671 24.4998 20.6981 29.2205 58.1071 55.8302 20.6432 15.0241 23.0101 14.3308 9.16126 6.13776 4.37933 3.30388 10.9593
 22.0916 50.0704 89.9718 146.25 201.81 228.908 220.412 191.988 159.097 128.95 103.541 82.8175 66.137 52.782 42.1128
 6.20628 15.743 84.3821 136.807 170.708 171.804 150.823 125.068 101.533 81.6637 65.3915 52.2523 41.7134 33.2861 64.6397
 15.0646 33.3212 34.4232 61.4749 195.807 186.629 146.361 107.378 79.5652 60.9785 47.8442 37.9368 30.1998 24.0739 64.2453
 6.00019 13.4302 61.9724 104.273 66.9108 69.2923 131.223 89.3286 58.9244 39.9519 28.6347 21.6449 16.8854 13.3567 41.6666
 21.9866 44.26 38.4097 61.64 160.426 157.324 60.4245 44.4844 69.7029 43.6084 27.8058 18.5972 13.257 9.99857 33.1693
#ntags_total
 2985.6 1904.48 1576.82 1069.3 1117.47
#tag_N
 100 100 100 100 100 100 100 100 100 100 100 100 100 100 100
 100 100 100 100 100 100 100 100 100 100 100 100 100 100 100
 100 100 100 100 100 100 100 100 100 100 100 100 100 100 100
 100 100 100 100 100 100 100 100 100 100 100 100 100 100 100
 100 100 100 100 100 100 100 100 100 100 100 100 100 100 100
 100 100 100 100 100 100 100 100 100 100 100 100 100 100 100
 100 100 100 100 100 100 100 100 100 100 100 100 100 100 100
 100 100 100 100 100 100 100 100 100 100 100 100 100 100 100
 100 100 100 100 100 100 100 100 100 100 100 100 100 100 100
 100 100 100 100 100 100 100 100 100 100 100 100 100 100 100

#input_T
 0.7
 0.3
 0.7
 0.3
 0.7
 0.3
 0.7
 0.3
 0.7
 0.3
 0.7
 0.3
 0.7
 0.3
 0.7
 0.3
 0.7
 0.3
 0.7
 0.3
 0.7
 0.3
 0.7
 0.3
 0.7
 0.3
 0.7
 0.3
 0.7
 0.3

 0.1
 0.9
 0.1
 0.9
 0.1
 0.9
 0.1
 0.9
 0.1
 0.9
 0.1
 0.9
 0.1
 0.9
 0.1
 0.9
 0.1
 0.9
 0.1
 0.9
 0.1
 0.9
 0.1
 0.9
 0.1
 0.9
 0.1
 0.9
 0.1
 0.9


#OBS_tag_prop_final
 0.01 0 0.07 0 0.02 0.05 0.01 0.05 0.79
 0.02 0.01 0.04 0.04 0.01 0.07 0.01 0.05 0.75
 0.03 0 0.03 0.06 0.03 0.05 0.03 0.03 0.74
 0.05 0 0.07 0.08 0.04 0.08 0.03 0.05 0.6
 0.09 0.05 0.06 0.04 0.02 0.04 0.04 0 0.66
 0.06 0.03 0.04 0.05 0.03 0.05 0.02 0.05 0.67
 0.12 0.06 0.03 0.05 0.03 0.05 0 0 0.66
 0.1 0.06 0.03 0.07 0.06 0.06 0.02 0.06 0.54
 0.11 0.05 0.07 0.09 0.05 0.04 0.01 0.04 0.54
 0.1 0.06 0.05 0.06 0.02 0.05 0.03 0.04 0.59
 0.11 0.07 0.1 0.1 0.02 0.02 0.02 0.03 0.53
 0.06 0.06 0.03 0.07 0.06 0.06 0.03 0 0.63
 0.15 0.05 0.08 0.08 0.02 0.01 0.04 0.02 0.55
 0.13 0.05 0.05 0.07 0.04 0.04 0.02 0.03 0.57
 0.09 0.04 0.11 0.05 0.06 0.03 0 0.03 0.59
 0.03 0 0.07 0 0.02 0.04 0.02 0.05 0.77
 0.04 0 0.04 0.04 0.01 0.03 0.04 0.05 0.75
 0.08 0.01 0.11 0.06 0.02 0.07 0.04 0.01 0.6
 0.12 0.05 0.06 0.07 0 0.03 0.03 0.03 0.61
 0.16 0.02 0.05 0.13 0.04 0.1 0.02 0 0.48
 0.14 0.06 0.12 0.08 0.03 0.04 0.04 0.02 0.47
 0.14 0.05 0.07 0.06 0.02 0.04 0.03 0.05 0.54
 0.1 0.08 0.03 0.09 0.05 0.03 0 0.04 0.58
 0.17 0.09 0.09 0.08 0.05 0.03 0.02 0.01 0.46
 0.12 0.07 0.1 0.07 0.02 0.08 0.01 0.03 0.5
 0.09 0.04 0.12 0.07 0.01 0.04 0.04 0.01 0.58
 0.13 0.03 0.05 0.08 0.07 0.04 0.02 0.03 0.55
 0.14 0.07 0.09 0.05 0.04 0.05 0.01 0.03 0.52
 0.17 0.11 0.07 0.07 0.04 0.04 0.03 0.05 0.42
 0.13 0.07 0.09 0.1 0.04 0.06 0.02 0.05 0.44
 0.01 0 0.01 0 0.06 0.02 0.03 0.05 0.82
 0.03 0 0.11 0.03 0.02 0.07 0.01 0.04 0.69
 0.04 0 0.11 0.03 0.07 0.08 0.02 0.01 0.64
 0.11 0.02 0.09 0.05 0.02 0.07 0.03 0.06 0.55
 0.12 0.04 0.09 0.09 0.07 0.04 0.02 0.01 0.52
 0.07 0.11 0.07 0.13 0.05 0.05 0.02 0.06 0.44
 0.09 0.06 0.07 0.1 0.02 0.06 0.01 0.01 0.58
 0.16 0.06 0.04 0.07 0.05 0.05 0.01 0.02 0.54
 0.14 0.12 0.05 0.1 0 0.07 0.02 0.05 0.45
 0.2 0.07 0.03 0.05 0.05 0.07 0.02 0.02 0.49
 0.14 0.08 0.04 0.07 0.05 0.05 0.02 0.01 0.54
 0.14 0.07 0.06 0.06 0.03 0.07 0 0.05 0.52
 0.15 0.07 0.12 0.02 0.05 0.01 0.01 0.06 0.51
 0.18 0.1 0.07 0.06 0.02 0.07 0.04 0 0.46
 0.13 0.02 0.1 0.05 0.08 0.04 0.02 0.06 0.5
 0.05 0 0.02 0.02 0.09 0.03 0.02 0.01 0.76
 0.03 0 0.03 0.03 0.04 0.02 0.02 0.04 0.79
 0.06 0.02 0.06 0.05 0.04 0.08 0.01 0.03 0.65
 0.17 0.03 0.07 0.06 0.08 0.06 0.03 0.02 0.48
 0.12 0.06 0.05 0.06 0.03 0.05 0.04 0.03 0.56
 0.15 0.07 0.09 0.08 0.04 0.02 0.01 0.03 0.51
 0.24 0.05 0.07 0.02 0.05 0.02 0 0.05 0.5
 0.21 0.1 0.08 0.08 0.06 0.08 0.01 0 0.38
 0.28 0.07 0.06 0.07 0.03 0.04 0.02 0.02 0.41
 0.22 0.06 0.05 0.05 0.03 0.04 0 0.04 0.51
 0.21 0.11 0.04 0.12 0.02 0.06 0.02 0.04 0.38
 0.21 0.07 0.12 0.1 0.02 0.05 0.03 0.03 0.37
 0.25 0.07 0.07 0.06 0.03 0.02 0 0.01 0.49
 0.21 0.06 0.06 0.08 0.07 0.03 0.01 0.04 0.44
 0.25 0.08 0.06 0.05 0.02 0.06 0.01 0.02 0.45
 0.05 0 0.04 0.01 0.02 0.07 0.04 0.05 0.72
 0.03 0 0.09 0.04 0.08 0.12 0.01 0.04 0.59
 0.13 0.03 0.07 0.1 0.06 0.06 0.03 0 0.52
 0.13 0.04 0.08 0.08 0.06 0.07 0.02 0.02 0.5
 0.21 0.08 0.04 0.1 0.02 0.1 0 0.03 0.42
 0.22 0.03 0.08 0.16 0.04 0.04 0.02 0.04 0.37
 0.27 0.08 0.09 0.09 0.04 0.04 0.01 0.01 0.37
 0.2 0.08 0.07 0.04 0.04 0.05 0.03 0.01 0.48
 0.24 0.07 0.08 0.1 0.04 0.04 0 0.02 0.41
 0.2 0.07 0.04 0.09 0.04 0.08 0.02 0.02 0.44
 0.21 0.04 0.09 0.1 0.03 0.14 0.01 0.02 0.36
 0.24 0.06 0.11 0.06 0.02 0.05 0.03 0.02 0.41
 0.23 0.08 0.07 0.05 0.06 0.03 0.02 0.02 0.44
 0.2 0.07 0.07 0.09 0.03 0.1 0.01 0.01 0.42
 0.19 0.08 0.06 0.11 0.06 0.04 0.02 0.03 0.41 0 0.02 0 0.06 0 0.05 0.01 0.03 0.83
 0 0.04 0 0.02 0.01 0.08 0.02 0.07 0.76
 0.01 0.05 0.02 0.05 0.02 0.09 0.02 0.03 0.71
 0 0.12 0.02 0.06 0.01 0.06 0.03 0.05 0.65
 0.01 0.17 0.03 0.15 0.01 0.05 0 0.03 0.55
 0 0.18 0.01 0.1 0.01 0.05 0.01 0.09 0.55
 0.06 0.18 0 0.12 0 0.07 0 0.02 0.55
 0.02 0.22 0.04 0.09 0.02 0.1 0 0.03 0.48
 0.03 0.18 0.01 0.1 0.03 0.03 0.01 0.01 0.6
 0 0.17 0 0.08 0 0.06 0.01 0.04 0.64
 0 0.17 0.02 0.11 0.02 0.04 0 0.05 0.59
 0.04 0.14 0 0.12 0.02 0.05 0.02 0.01 0.6
 0.02 0.16 0.01 0.14 0.01 0.04 0.02 0.05 0.55
 0 0.23 0.01 0.12 0.02 0.04 0.01 0.07 0.5
 0.01 0.19 0.01 0.12 0.01 0.12 0.01 0.03 0.5
 0 0.04 0 0.05 0.01 0.06 0.04 0.04 0.76
 0 0.01 0.02 0.07 0 0.07 0.01 0.02 0.8
 0.02 0.03 0.02 0.07 0.02 0.08 0 0.07 0.69
 0.01 0.06 0.01 0.13 0 0.08 0.02 0.03 0.66
 0.03 0.13 0.01 0.09 0.01 0.06 0.02 0.03 0.62
 0.02 0.21 0 0.14 0.02 0.09 0.01 0.07 0.44
 0 0.17 0.04 0.09 0.01 0.13 0 0.02 0.54
 0.02 0.18 0.02 0.14 0 0.04 0 0.04 0.56
 0.04 0.19 0.01 0.09 0.02 0.09 0.04 0.03 0.49
 0 0.26 0.03 0.08 0.02 0.09 0.03 0.02 0.47
 0.01 0.15 0.04 0.15 0.03 0.06 0 0.04 0.52
 0.01 0.2 0.02 0.08 0.04 0.08 0.01 0.02 0.54
 0.04 0.22 0.02 0.1 0.01 0.09 0 0.02 0.5
 0.02 0.17 0.02 0.08 0.02 0.07 0 0 0.62
 0.01 0.11 0.02 0.14 0.02 0.08 0.02 0.03 0.57
 0 0.01 0.01 0.07 0.01 0.06 0.01 0.04 0.79
 0 0.02 0.02 0.06 0.02 0.01 0.02 0.05 0.8
 0 0.1 0.03 0.12 0.02 0.08 0.01 0.04 0.6
 0 0.16 0.02 0.09 0.04 0.06 0.02 0.04 0.57
 0.01 0.2 0.03 0.11 0.02 0.1 0 0.03 0.5
 0.02 0.28 0.04 0.06 0 0.07 0 0 0.53
 0 0.25 0 0.18 0.02 0.09 0 0 0.46
 0.04 0.27 0.02 0.17 0 0.13 0.03 0.01 0.33
 0.03 0.25 0.02 0.07 0.03 0.06 0.01 0.02 0.51
 0.02 0.2 0.04 0.09 0.02 0.12 0 0.02 0.49
 0.02 0.26 0.02 0.12 0.01 0.06 0 0.06 0.45
 0.01 0.19 0 0.16 0.03 0.1 0 0 0.51
 0.01 0.23 0.02 0.19 0 0.07 0.01 0.03 0.44
 0.03 0.23 0.06 0.16 0.01 0.06 0.01 0.07 0.37
 0.02 0.22 0.02 0.1 0.05 0.07 0.01 0.04 0.47
 0 0 0.03 0.1 0.04 0.04 0.03 0.02 0.74
 0.01 0.01 0.02 0.14 0.02 0.03 0.02 0.05 0.7
 0.03 0.07 0 0.15 0.02 0.07 0 0.03 0.63
 0.02 0.12 0.01 0.11 0 0.09 0 0.04 0.61
 0.01 0.14 0 0.15 0.01 0.04 0.01 0.04 0.6
 0.05 0.21 0.03 0.23 0.01 0.04 0 0.03 0.4
 0.01 0.29 0 0.12 0.02 0.08 0.02 0.02 0.44
 0.06 0.21 0.01 0.13 0.03 0.06 0 0.02 0.48
 0.02 0.17 0.03 0.08 0.01 0.15 0 0.03 0.51
 0.04 0.26 0.05 0.09 0.03 0.08 0 0.07 0.38
 0.04 0.25 0.03 0.1 0.03 0.07 0.02 0.03 0.43
 0.02 0.29 0.04 0.08 0.01 0.07 0.02 0 0.47
 0 0.2 0.03 0.22 0.02 0.05 0 0.08 0.4
 0.05 0.29 0.03 0.12 0.01 0.05 0 0.05 0.4
 0.02 0.32 0 0.11 0.01 0.05 0 0.03 0.46
 0 0.02 0.01 0.07 0.01 0.1 0.02 0.01 0.76
 0 0.06 0.01 0.07 0.01 0.05 0.02 0.05 0.73
 0.01 0.03 0 0.1 0.03 0.12 0 0.06 0.65
 0.03 0.17 0.03 0.11 0.03 0.13 0 0.04 0.46
 0.01 0.2 0.03 0.08 0.03 0.05 0.04 0.01 0.55
 0.01 0.14 0.04 0.22 0.05 0.09 0 0.06 0.39
 0.03 0.25 0.03 0.08 0.02 0.07 0.01 0.03 0.48
 0.02 0.26 0.02 0.17 0.01 0.07 0.04 0.05 0.36
 0.05 0.25 0.02 0.1 0.02 0.07 0.02 0.06 0.41
 0.04 0.19 0.04 0.13 0.03 0.09 0.03 0.04 0.41
 0.01 0.28 0.02 0.2 0.01 0.07 0 0.05 0.36
 0.01 0.25 0.02 0.16 0.01 0.07 0.01 0.04 0.43
 0 0.24 0.05 0.08 0.02 0.07 0 0.06 0.48
 0.02 0.21 0.02 0.1 0.05 0.09 0.03 0.01 0.47
 0.01 0.27 0.03 0.12 0.03 0.08 0.05 0.03 0.38
#init_abund
 1562.5 1246.43 994.303 793.174 632.729 504.739 402.64 321.193 256.222 204.393 163.048 130.066 103.756 82.7681 66.0256
 0 0 0 0 0 0 0 0 0 0 0 0 0 0 0
 0 0 0 0 0 0 0 0 0 0 0 0 0 0 0
 1562.5 1246.43 994.303 793.174 632.729 504.739 402.64 321.193 256.222 204.393 163.048 130.066 103.756 82.7681 66.0256

#input_M
 0.226 0.226 0.226 0.226 0.226 0.226 0.226 0.226 0.226 0.226 0.226 0.226 0.226 0.226 0.226
 0.226 0.226 0.226 0.226 0.226 0.226 0.226 0.226 0.226 0.226 0.226 0.226 0.226 0.226 0.226
#q_survey
 0.8
 0.8
#sel_beta1
 0.9
 1.1
#sel_beta2
 3.5
 4
#sel_beta3
 -0.6
 -0.6
#sel_beta4
 20
 20
#sel_beta1_survey
 0.9
 0.9
#sel_beta2_survey
 5
 5
#sel_beta3_survey
 -0.6
 -0.6
#sel_beta4_survey
 20
 20
#steep
 0.814 0.814
#R_ave
 778.095 778.095
#SSB_zero
 692.075 692.075
#rec_devs
 0.434782 0.979982 0.7894 1.51289 1.156 0.759844 0.62218 0.967291 1.02924 0.951113 1.41881 1.23422 0.637419 1.07427 0.829338 0.969505 0.711186 1.16766 0.910461 0.557149 1.34496 0.775495 1.10046 0.958638 0.479097 0.452657 0.822768 0.981104 0.785952 0.913807 1.09006 1.3357 0.616647 0.914197 2.0758 0.944989 1.1934 1.36966 0.699173 0.664024
 1.04416 0.632524 0.634414 1.19567 1.28627 0.43019 0.509861 1.27214 1.32591 0.439344 0.459565 0.405283 1.3954 0.8987 0.958108 1.87958 0.531315 1.2762 1.88666 0.996252 1.36876 1.05105 0.616707 0.742708 0.973352 0.945963 1.24352 1.05402 0.523469 1.19985 0.450353 0.764584 1.17555 1.23881 1.0844 0.76537 1.66787 0.637196 1.14196 0.674802
#Rec_Prop
 1 1 1 1 1 1 1 1 1 1 1 1 1 1 1 1 1 1 1 1 1 1 1 1 1 1 1 1 1 1 1 1 1 1 1 1 1 1 1 1
 1 1 1 1 1 1 1 1 1 1 1 1 1 1 1 1 1 1 1 1 1 1 1 1 1 1 1 1 1 1 1 1 1 1 1 1 1 1 1 1
#recruits_BM
 1562.5 762.519 614.228 1177.18 899.481 591.231 484.115 752.644 800.847 740.056 1103.97 960.339 495.973 835.882 645.304 754.367 553.37 908.547 708.425 433.515 1046.5 603.409 856.261 745.912 372.783 352.21 640.192 763.393 611.545 711.029 848.171 1039.3 479.81 711.332 1615.17 735.291 928.581 1065.73 544.023 516.674
 1562.5 492.164 493.634 930.348 1000.84 334.729 396.72 989.843 1031.68 341.851 357.585 315.349 1085.75 699.274 745.499 1462.49 413.414 993.006 1468 775.179 1065.03 817.814 479.857 577.898 757.361 736.049 967.577 820.131 407.309 933.601 350.417 594.919 914.694 963.912 843.764 595.531 1297.76 495.799 888.552 525.06
#F
 0.0190699 0.0411741 0.0778722 0.122128 0.158826 0.18093 0.191782 0.196575 0.198593 0.199426 0.199766 0.199905 0.199961 0.199984 0.199994
 0.0203173 0.0438673 0.0829659 0.130116 0.169215 0.192765 0.204327 0.209434 0.211584 0.21247 0.212833 0.212981 0.213041 0.213066 0.213076
 0.0253236 0.0546766 0.103409 0.162178 0.210911 0.240264 0.254674 0.261039 0.263719 0.264825 0.265277 0.265461 0.265536 0.265566 0.265579
 0.0279121 0.0602654 0.113979 0.178755 0.232469 0.264822 0.280706 0.287722 0.290675 0.291894 0.292392 0.292595 0.292678 0.292711 0.292725
 0.0242741 0.0524106 0.0991238 0.155457 0.20217 0.230307 0.24412 0.250221 0.25279 0.25385 0.254283 0.25446 0.254532 0.254561 0.254573
 0.0291665 0.0629738 0.119102 0.186789 0.242917 0.276724 0.293321 0.300652 0.303739 0.305012 0.305533 0.305745 0.305831 0.305866 0.305881
 0.0416179 0.0898578 0.169947 0.26653 0.34662 0.39486 0.418542 0.429003 0.433407 0.435224 0.435967 0.43627 0.436393 0.436443 0.436463
 0.0309157 0.0667506 0.126245 0.197991 0.257485 0.29332 0.310913 0.318684 0.321955 0.323305 0.323857 0.324082 0.324173 0.32421 0.324226
 0.0410675 0.0886695 0.1677 0.263006 0.342036 0.389638 0.413007 0.42333 0.427676 0.429469 0.430202 0.4305 0.430622 0.430671 0.430692
 0.0341359 0.0737034 0.139395 0.218614 0.284305 0.323873 0.343298 0.351878 0.355491 0.356981 0.35759 0.357838 0.357939 0.357981 0.357997
 0.0508855 0.109868 0.207792 0.325882 0.423806 0.482789 0.511745 0.524536 0.529921 0.532142 0.53305 0.53342 0.533571 0.533632 0.533657
 0.0513571 0.110886 0.209718 0.328903 0.427734 0.487263 0.516488 0.529397 0.534832 0.537073 0.53799 0.538364 0.538516 0.538578 0.538603
 0.0498656 0.107665 0.203627 0.31935 0.415311 0.473111 0.501487 0.514021 0.519298 0.521475 0.522365 0.522728 0.522876 0.522936 0.52296
 0.0603072 0.13021 0.246265 0.386221 0.502276 0.572179 0.606496 0.621655 0.628037 0.630669 0.631746 0.632185 0.632363 0.632436 0.632465
 0.0736173 0.158948 0.300617 0.471462 0.613131 0.698462 0.740353 0.758858 0.766649 0.769862 0.771176 0.771712 0.77193 0.772018 0.772054
 0.066617 0.143834 0.272031 0.42663 0.554828 0.632045 0.669953 0.686698 0.693748 0.696655 0.697845 0.698329 0.698527 0.698607 0.698639
 0.0523034 0.112929 0.213582 0.334963 0.435615 0.496241 0.526004 0.539151 0.544686 0.546969 0.547903 0.548283 0.548438 0.548501 0.548527
 0.0695209 0.150104 0.28389 0.445228 0.579014 0.659596 0.699157 0.716632 0.723989 0.727023 0.728264 0.72877 0.728976 0.72906 0.729094
 0.0773784 0.167069 0.315976 0.495549 0.644456 0.734146 0.778178 0.797628 0.805817 0.809194 0.810576 0.811138 0.811368 0.811461 0.811499
 0.0624588 0.134856 0.255051 0.4 0.520195 0.592592 0.628134 0.643834 0.650444 0.65317 0.654285 0.654739 0.654924 0.655 0.65503
 0.0650181 0.140381 0.265502 0.41639 0.541511 0.616874 0.653873 0.670216 0.677096 0.679934 0.681095 0.681568 0.68176 0.681839 0.681871
 0.0610498 0.131814 0.249298 0.390977 0.508461 0.579225 0.613965 0.62931 0.635771 0.638436 0.639526 0.63997 0.640151 0.640224 0.640254
 0.0595997 0.128682 0.243376 0.381689 0.496383 0.565466 0.599381 0.614362 0.620669 0.62327 0.624334 0.624768 0.624944 0.625016 0.625045
 0.0621444 0.134177 0.253767 0.397987 0.517577 0.58961 0.624973 0.640593 0.64717 0.649882 0.650992 0.651444 0.651628 0.651703 0.651733
 0.0551521 0.11908 0.225214 0.353207 0.459341 0.523269 0.554653 0.568516 0.574353 0.57676 0.577745 0.578146 0.578309 0.578376 0.578403
 0.0552067 0.119198 0.225437 0.353556 0.459796 0.523787 0.555202 0.569079 0.574921 0.577331 0.578316 0.578718 0.578881 0.578948 0.578975
 0.0568201 0.122681 0.232026 0.363889 0.473233 0.539094 0.571428 0.58571 0.591723 0.594203 0.595218 0.595631 0.595799 0.595868 0.595895
 0.0532111 0.114889 0.217288 0.340776 0.443175 0.504853 0.535132 0.548508 0.554139 0.556461 0.557411 0.557798 0.557956 0.55802 0.558046
 0.0402767 0.0869619 0.16447 0.257941 0.335449 0.382134 0.405054 0.415178 0.41944 0.421198 0.421917 0.42221 0.422329 0.422378 0.422398
 0.0508283 0.109744 0.207558 0.325516 0.423329 0.482245 0.511169 0.523945 0.529324 0.531543 0.53245 0.53282 0.53297 0.533032 0.533056
 0.0465284 0.10046 0.189999 0.297978 0.387518 0.441449 0.467926 0.479622 0.484546 0.486577 0.487407 0.487746 0.487884 0.48794 0.487962
 0.0377397 0.0814843 0.154111 0.241694 0.31432 0.358064 0.37954 0.389026 0.39302 0.394668 0.395341 0.395616 0.395728 0.395773 0.395791
 0.0192469 0.0415563 0.0785951 0.123262 0.1603 0.18261 0.193562 0.1984 0.200437 0.201277 0.201621 0.201761 0.201818 0.201841 0.20185
 0.0352284 0.0760622 0.143856 0.225611 0.293404 0.334238 0.354285 0.36314 0.366868 0.368405 0.369034 0.369291 0.369395 0.369437 0.369455
 0.0540208 0.116637 0.220595 0.345961 0.449919 0.512535 0.543275 0.556854 0.562571 0.564929 0.565893 0.566286 0.566446 0.566511 0.566537
 0.00646913 0.0139676 0.0264168 0.0414298 0.0538789 0.0613774 0.0650586 0.0666847 0.0673693 0.0676517 0.0677672 0.0678142 0.0678334 0.0678412 0.0678444
 0.0163294 0.035257 0.0666812 0.104577 0.136001 0.154929 0.164221 0.168326 0.170054 0.170766 0.171058 0.171177 0.171225 0.171245 0.171253
 0.036574 0.0789675 0.149351 0.234228 0.304611 0.347005 0.367817 0.37701 0.380881 0.382477 0.38313 0.383396 0.383505 0.383549 0.383567
 0.0375073 0.0809826 0.153162 0.240205 0.312384 0.35586 0.377203 0.386631 0.3906 0.392237 0.392907 0.39318 0.393291 0.393336 0.393354
 0.0318472 0.0687617 0.130048 0.203957 0.265243 0.302158 0.32028 0.328285 0.331656 0.333046 0.333614 0.333846 0.33394 0.333979 0.333994
 0.0088928 0.0249376 0.062435 0.125 0.187565 0.225062 0.241107 0.246968 0.248982 0.24966 0.249887 0.249962 0.249987 0.249996 0.249999
 0.00939162 0.0263364 0.0659371 0.132012 0.198086 0.237687 0.254631 0.260821 0.262948 0.263664 0.263904 0.263983 0.26401 0.264019 0.264022
 0.00969104 0.0271761 0.0680393 0.13622 0.204401 0.245265 0.26275 0.269136 0.271332 0.272071 0.272317 0.2724 0.272427 0.272436 0.272439
 0.0104175 0.0292133 0.0731399 0.146432 0.219724 0.263651 0.282447 0.289312 0.291672 0.292466 0.292732 0.29282 0.29285 0.292859 0.292863
 0.0111622 0.0313015 0.078368 0.156899 0.23543 0.282497 0.302636 0.309993 0.312521 0.313372 0.313656 0.313751 0.313783 0.313793 0.313797
 0.0113003 0.0316889 0.0793377 0.158841 0.238344 0.285992 0.306381 0.313828 0.316388 0.31725 0.317538 0.317633 0.317665 0.317676 0.31768
 0.0120016 0.0336554 0.0842612 0.168698 0.253135 0.30374 0.325394 0.333304 0.336023 0.336938 0.337243 0.337345 0.337379 0.33739 0.337394
 0.0115137 0.0322872 0.0808358 0.16184 0.242844 0.291393 0.312166 0.319754 0.322363 0.32324 0.323534 0.323631 0.323664 0.323675 0.323678
 0.0122637 0.0343905 0.0861016 0.172383 0.258663 0.310375 0.332501 0.340584 0.343362 0.344297 0.344609 0.344713 0.344748 0.344759 0.344763
 0.012951 0.0363179 0.0909271 0.182044 0.27316 0.327769 0.351136 0.359671 0.362605 0.363593 0.363922 0.364032 0.364069 0.364081 0.364085
 0.0153729 0.0431093 0.10793 0.216086 0.324241 0.389062 0.416799 0.42693 0.430412 0.431584 0.431976 0.432106 0.43215 0.432164 0.432169
 0.013154 0.036887 0.0923521 0.184897 0.277441 0.332906 0.356639 0.365308 0.368288 0.369291 0.369626 0.369737 0.369775 0.369787 0.369791
 0.0183775 0.0515351 0.129026 0.25832 0.387614 0.465105 0.498262 0.510374 0.514537 0.515938 0.516406 0.516562 0.516614 0.516631 0.516637
 0.0157278 0.0441048 0.110423 0.221076 0.331728 0.398046 0.426423 0.436788 0.440351 0.44155 0.441951 0.442084 0.442129 0.442144 0.442149
 0.0153461 0.0430343 0.107743 0.21571 0.323677 0.388386 0.416074 0.426187 0.429664 0.430834 0.431225 0.431355 0.431398 0.431413 0.431417
 0.0170987 0.0479491 0.120048 0.240345 0.360643 0.432741 0.463591 0.47486 0.478734 0.480037 0.480473 0.480618 0.480666 0.480682 0.480688
 0.0179214 0.0502562 0.125824 0.251909 0.377995 0.453563 0.485898 0.497708 0.501768 0.503135 0.503591 0.503743 0.503794 0.503811 0.503816
 0.0180888 0.0507254 0.126999 0.254262 0.381525 0.457798 0.490434 0.502356 0.506453 0.507832 0.508293 0.508447 0.508498 0.508515 0.50852
 0.0173096 0.0485404 0.121528 0.243309 0.36509 0.438078 0.469309 0.480717 0.484638 0.485957 0.486398 0.486545 0.486594 0.48661 0.486616
 0.0202031 0.0566544 0.141843 0.283981 0.426119 0.511307 0.547759 0.561073 0.56565 0.56719 0.567704 0.567876 0.567933 0.567952 0.567958
 0.0192455 0.0539693 0.13512 0.270521 0.405923 0.487073 0.521797 0.53448 0.53884 0.540307 0.540798 0.540961 0.541015 0.541033 0.541039
 0.0190124 0.0533155 0.133483 0.267244 0.401006 0.481173 0.515476 0.528006 0.532313 0.533763 0.534247 0.534408 0.534462 0.53448 0.534486
 0.0181974 0.0510299 0.127761 0.255788 0.383815 0.460546 0.493379 0.505371 0.509494 0.510881 0.511344 0.511499 0.51155 0.511567 0.511573
 0.0178596 0.0500827 0.125389 0.25104 0.37669 0.451997 0.48422 0.49599 0.500036 0.501398 0.501852 0.502004 0.502055 0.502071 0.502077
 0.0175293 0.0491565 0.12307 0.246397 0.369724 0.443638 0.475265 0.486818 0.490789 0.492125 0.492572 0.49272 0.49277 0.492786 0.492792
 0.0165739 0.0464773 0.116363 0.232968 0.349573 0.419458 0.449361 0.460284 0.464039 0.465302 0.465724 0.465865 0.465912 0.465927 0.465933
 0.0144132 0.0404182 0.101193 0.202597 0.304 0.364775 0.39078 0.400279 0.403544 0.404643 0.40501 0.405132 0.405173 0.405186 0.405191
 0.0154886 0.043434 0.108743 0.217713 0.326683 0.391992 0.419938 0.430145 0.433654 0.434835 0.435229 0.435361 0.435405 0.435419 0.435424
 0.0152292 0.0427066 0.106922 0.214067 0.321212 0.385427 0.412905 0.422941 0.426391 0.427552 0.42794 0.428069 0.428112 0.428127 0.428131
 0.0152353 0.0427237 0.106965 0.214153 0.32134 0.385582 0.41307 0.423111 0.426562 0.427723 0.428111 0.428241 0.428284 0.428298 0.428303
 0.0139786 0.0391994 0.0981415 0.196487 0.294833 0.353775 0.378996 0.388209 0.391375 0.392441 0.392797 0.392916 0.392955 0.392968 0.392973
 0.0138737 0.0389052 0.0974048 0.195013 0.29262 0.35112 0.376151 0.385295 0.388438 0.389495 0.389849 0.389966 0.390005 0.390019 0.390023
 0.013123 0.0368002 0.0921347 0.184461 0.276788 0.332122 0.355799 0.364448 0.367421 0.368421 0.368756 0.368867 0.368904 0.368916 0.36892
 0.0118408 0.0332047 0.0831328 0.166439 0.249745 0.299673 0.321037 0.32884 0.331523 0.332425 0.332727 0.332827 0.332861 0.332872 0.332876
 0.0120556 0.033807 0.0846407 0.169458 0.254275 0.305108 0.32686 0.334805 0.337536 0.338455 0.338762 0.338864 0.338898 0.33891 0.338914
 0.0130657 0.0366395 0.0917324 0.183656 0.275579 0.330672 0.354246 0.362857 0.365817 0.366813 0.367146 0.367257 0.367293 0.367306 0.36731
 0.0121943 0.0341958 0.0856141 0.171407 0.257199 0.308617 0.330619 0.338655 0.341418 0.342348 0.342658 0.342762 0.342796 0.342808 0.342811
 0.0108821 0.030516 0.0764012 0.152962 0.229522 0.275407 0.295041 0.302213 0.304678 0.305508 0.305785 0.305877 0.305908 0.305918 0.305922
 0.00995607 0.0279193 0.0699001 0.139946 0.209991 0.251972 0.269935 0.276497 0.278752 0.279511 0.279765 0.279849 0.279877 0.279887 0.27989
 0.00910758 0.0255399 0.0639429 0.128019 0.192095 0.230498 0.246931 0.252933 0.254996 0.25569 0.255922 0.256 0.256025 0.256034 0.256037
#Fyear
 0.2
 0.213082
 0.265587
 0.292734
 0.254581
 0.30589
 0.436477
 0.324236
 0.430705
 0.358009
 0.533674
 0.53862
 0.522977
 0.632486
 0.772079
 0.698662
 0.548544
 0.729117
 0.811525
 0.655051
 0.681892
 0.640275
 0.625065
 0.651754
 0.578421
 0.578993
 0.595915
 0.558064
 0.422411
 0.533073
 0.487978
 0.395804
 0.201857
 0.369466
 0.566556
 0.0678465
 0.171258
 0.383579
 0.393367
 0.334005
 0.25
 0.264023
 0.272441
 0.292864
 0.313798
 0.317681
 0.337396
 0.32368
 0.344765
 0.364087
 0.432171
 0.369793
 0.51664
 0.442151
 0.43142
 0.48069
 0.503819
 0.508523
 0.486618
 0.567962
 0.541042
 0.534489
 0.511576
 0.50208
 0.492795
 0.465935
 0.405193
 0.435426
 0.428134
 0.428305
 0.392975
 0.390025
 0.368922
 0.332877
 0.338915
 0.367312
 0.342813
 0.305923
 0.279891
 0.256038
#biomass_AM
 2677.28 2021.2 1540.32 1233.18 1041.84 896.802 741.26 616.441 596.003 576.184 606.38 601.792 540.99 509.029 484.308 461.71 460.218 486.75 488.341 456.072 487.725 502.26 508.381 507.08 450.171 390.641 376.739 410.728 438.456 461.939 485.072 529.147 527.317 539.05 632.292 654.203 709.819 756.522 694.967 617.026
 3937.02 3662.34 3154.01 2651.8 2266 1931.73 1623.22 1404.07 1330.11 1242.35 1131.27 1017.37 1026.89 1010.95 1018.39 1093.02 1110.66 1082.77 1152.15 1194.99 1167.93 1166.86 1100.78 1028.77 984.199 950.874 943.443 978.125 967.701 977.93 968.044 950.594 1007.76 1093.19 1167.81 1226.87 1324.21 1394.17 1413.85 1389.93
#biomass_population
 2677.28 2021.2 1540.32 1233.18 1041.84 896.802 741.26 616.441 596.003 576.184 606.38 601.792 540.99 509.029 484.308 461.71 460.218 486.75 488.341 456.072 487.725 502.26 508.381 507.08 450.171 390.641 376.739 410.728 438.456 461.939 485.072 529.147 527.317 539.05 632.292 654.203 709.819 756.522 694.967 617.026
 3937.02 3662.34 3154.01 2651.8 2266 1931.73 1623.22 1404.07 1330.11 1242.35 1131.27 1017.37 1026.89 1010.95 1018.39 1093.02 1110.66 1082.77 1152.15 1194.99 1167.93 1166.86 1100.78 1028.77 984.199 950.874 943.443 978.125 967.701 977.93 968.044 950.594 1007.76 1093.19 1167.81 1226.87 1324.21 1394.17 1413.85 1389.93
#harvest_rate_region_bio
 0.118649 0.123746 0.153359 0.16209 0.133742 0.152987 0.209924 0.155512 0.182924 0.143229 0.191104 0.184571 0.190204 0.220521 0.251088 0.225206 0.184302 0.233092 0.25023 0.216944 0.216858 0.206271 0.204585 0.214976 0.20815 0.222952 0.217499 0.185393 0.143856 0.183874 0.166772 0.133909 0.0774575 0.14491 0.185285 0.0249925 0.0687459 0.148897 0.159412 0.14706
 0.138493 0.1456 0.155404 0.170082 0.174088 0.167277 0.175339 0.165079 0.15877 0.155074 0.183071 0.163706 0.204659 0.162384 0.154052 0.159771 0.165173 0.173578 0.159773 0.177222 0.173712 0.176553 0.179981 0.187 0.184659 0.172766 0.147848 0.151863 0.151526 0.155506 0.149403 0.153135 0.140193 0.124327 0.12726 0.137004 0.128953 0.121821 0.118311 0.115432
#depletion_region
 1 0.754944 0.57533 0.460611 0.389142 0.334967 0.276871 0.230249 0.222615 0.215212 0.226491 0.224777 0.202067 0.190129 0.180895 0.172455 0.171897 0.181808 0.182402 0.170349 0.182172 0.187601 0.189887 0.189401 0.168145 0.14591 0.140717 0.153412 0.163769 0.17254 0.181181 0.197643 0.19696 0.201342 0.236169 0.244354 0.265127 0.282571 0.259579 0.230467
 1 0.930233 0.801116 0.673556 0.575562 0.490658 0.412297 0.356632 0.337848 0.315556 0.287342 0.258411 0.26083 0.256782 0.258671 0.277626 0.282107 0.275022 0.292645 0.303527 0.296654 0.296382 0.279598 0.261308 0.249986 0.241522 0.239634 0.248443 0.245796 0.248394 0.245883 0.24145 0.25597 0.27767 0.296622 0.311623 0.336349 0.354118 0.359117 0.353041
#SSB_region
 1009.53 750.205 588.402 449.643 348.231 296.971 249.769 195.832 169.654 151.876 150.703 139.165 137.619 128.576 115.089 107.775 106.017 115.188 108.757 108.882 113.144 111.028 119.875 118.637 115.498 110.517 98.3631 92.1222 98.9394 111.632 111.205 116.982 126.881 144.422 140.276 139.438 184.741 195.389 191.618 185.667
 1514.3 1424.62 1285.18 1085.88 882.676 735.469 628.063 520.376 445.851 407.634 390.207 349.939 330.971 296.57 300.033 302.362 304.441 324.72 309.965 320.221 333.243 326.43 333.781 325.077 304.045 289.035 276.689 275.76 285.3 296.106 292.995 304.321 302.114 320.294 346.484 366.145 402.032 428.569 463.858 471.104
#Bratio_population
 1.4587 1.08399 0.8502 0.649703 0.50317 0.429102 0.360899 0.282963 0.245139 0.21945 0.217755 0.201084 0.19885 0.185783 0.166295 0.155727 0.153187 0.166439 0.157147 0.157326 0.163486 0.160427 0.173212 0.171422 0.166887 0.15969 0.142128 0.13311 0.14296 0.1613 0.160683 0.169031 0.183335 0.20868 0.202689 0.201479 0.266938 0.282324 0.276875 0.268276
 2.18806 2.05847 1.85699 1.56902 1.27541 1.0627 0.907507 0.751907 0.644224 0.589002 0.563822 0.505638 0.47823 0.428523 0.433526 0.436892 0.439895 0.469197 0.447877 0.462697 0.481513 0.471669 0.48229 0.469714 0.439323 0.417636 0.399796 0.398454 0.412239 0.427853 0.423358 0.439723 0.436533 0.462802 0.500645 0.529053 0.580908 0.619253 0.670243 0.680713
#T_year
 0.7
 0.3
 0.7
 0.3
 0.7
 0.3
 0.7
 0.3
 0.7
 0.3
 0.7
 0.3
 0.7
 0.3
 0.7
 0.3
 0.7
 0.3
 0.7
 0.3
 0.7
 0.3
 0.7
 0.3
 0.7
 0.3
 0.7
 0.3
 0.7
 0.3
 0.7
 0.3
 0.7
 0.3
 0.7
 0.3
 0.7
 0.3
 0.7
 0.3
 0.7
 0.3
 0.7
 0.3
 0.7
 0.3
 0.7
 0.3
 0.7
 0.3
 0.7
 0.3
 0.7
 0.3
 0.7
 0.3
 0.7
 0.3
 0.7
 0.3
 0.7
 0.3
 0.7
 0.3
 0.7
 0.3
 0.7
 0.3
 0.7
 0.3
 0.7
 0.3
 0.7
 0.3
 0.7
 0.3
 0.7
 0.3
 0.7
 0.3 0.1
 0.9
 0.1
 0.9
 0.1
 0.9
 0.1
 0.9
 0.1
 0.9
 0.1
 0.9
 0.1
 0.9
 0.1
 0.9
 0.1
 0.9
 0.1
 0.9
 0.1
 0.9
 0.1
 0.9
 0.1
 0.9
 0.1
 0.9
 0.1
 0.9
 0.1
 0.9
 0.1
 0.9
 0.1
 0.9
 0.1
 0.9
 0.1
 0.9
 0.1
 0.9
 0.1
 0.9
 0.1
 0.9
 0.1
 0.9
 0.1
 0.9
 0.1
 0.9
 0.1
 0.9
 0.1
 0.9
 0.1
 0.9
 0.1
 0.9
 0.1
 0.9
 0.1
 0.9
 0.1
 0.9
 0.1
 0.9
 0.1
 0.9
 0.1
 0.9
 0.1
 0.9
 0.1
 0.9
 0.1
 0.9
 0.1
 0.9
#selectivity_age
 0.0953495
 0.20587
 0.389361
 0.610639
 0.79413
 0.904651
 0.958909
 0.982876
 0.992966
 0.997128
 0.99883
 0.999524
 0.999806
 0.999921
 0.999968
 0.0355712
 0.0997505
 0.24974
 0.5
 0.75026
 0.90025
 0.964429
 0.987872
 0.99593
 0.998641
 0.999547
 0.999849
 0.99995
 0.999983
 0.999994
#survey_selectivity_age
 0.026597
 0.0629734
 0.141851
 0.28905
 0.5
 0.71095
 0.858149
 0.937027
 0.973403
 0.989013
 0.995504
 0.998167
 0.999254
 0.999697
 0.999877
 0.026597
 0.0629734
 0.141851
 0.28905
 0.5
 0.71095
 0.858149
 0.937027
 0.973403
 0.989013
 0.995504
 0.998167
 0.999254
 0.999697
 0.999877
#debug
1541
