#nages
15
#nyrs
10
#npops
1
#nregions
 2
#nfleets
 1
#nfleets_survey
 1
#tsurvey
 0 0
#larval_move_switch
0
#move_switch
1
#natal_homing_switch
0
#spawn_return_switch
0
#select_switch
1
#maturity_switch_equil
0
#SSB_type
2
#Rec_type
1
#apportionment_type
1
#use_stock_comp_info_survey
0
#use_stock_comp_info_catch
0
#F_switch
1
#recruit_devs_switch
1
#recruit_randwalk_switch
0
#tspawn
 0
#return_age
4
#return_probability
 1
#spawn_return_prob
 1
#do_tag
1
#do_tag_mult
1
#sigma_recruit
 0.4
#ph_lmr
1
#ph_rec
2
#ph_F
3
#ph_steep
-1
#ph_M
-1
#ph_sel_log
4
#ph_sel_log_surv
4
#ph_sel_dubl
-1
#ph_q
4
#ph_F_rho
-1
#ph_T_pop
-5
#ph_T_reg
-5
#ph_dummy
-1
#wt_surv
1
#wt_catch
1
#wt_fish_age
1
#wt_srv_age
1
#wt_rec
1
#wt_tag
0
#input_Rec_prop
 0.6 0.4
#input_weight
 0.101 0.273 0.377 0.473 0.545 0.622 0.674 0.754 0.805 0.833 0.909 0.952 0.938 0.918 0.982
 0.101 0.273 0.377 0.473 0.545 0.622 0.674 0.754 0.805 0.833 0.909 0.952 0.938 0.918 0.982
#input_catch_weight
 0.101 0.273 0.377 0.473 0.545 0.622 0.674 0.754 0.805 0.833 0.909 0.952 0.938 0.918 0.982
 0.101 0.273 0.377 0.473 0.545 0.622 0.674 0.754 0.805 0.833 0.909 0.952 0.938 0.918 0.982
#fecundity
 0 0.12 0.54 0.71 0.87 1 1 1 1 1 1 1 1 1 1
 0 0.12 0.54 0.71 0.87 1 1 1 1 1 1 1 1 1 1
#maturity
 0 0.12 0.54 0.71 0.87 1 1 1 1 1 1 1 1 1 1
 0 0.12 0.54 0.71 0.87 1 1 1 1 1 1 1 1 1 1
#prop_fem
 0.5 0.5
#OBS_rec_index_BM
 1709.9 29.4751 14.0923 11.8602 6.9582 57.4049 9.62625 3.9161 28.7821 9.22771
 1002.08 47.2783 20.2707 12.2808 10.1135 39.0249 8.12035 8.92807 10.9023 10.5136
#OBS_survey_fleet_bio
 1809.25
 1352.34
 856.413
 516.043
 340.99
 198.344
 172.907
 62.9375
 51.2731
 25.2447
 2452.25
 1603.25
 1576.18
 1006.72
 649.998
 459.503
 303.58
 80.4439
 107.581
 49.5507
#OBS_survey_fleet_bio_se
 0.2
 0.2
 0.2
 0.2
 0.2
 0.2
 0.2
 0.2
 0.2
 0.2
 0.2
 0.2
 0.2
 0.2
 0.2
 0.2
 0.2
 0.2
 0.2
 0.2

#OBS_survey_prop
 0.02 0.05 0.07 0.17 0.17 0.1 0.11 0.06 0.07 0.07 0.03 0.02 0.05 0.01 0
 0 0.04 0.14 0.11 0.17 0.12 0.17 0.05 0.05 0.02 0.05 0.03 0.03 0.01 0.01
 0 0 0.22 0.14 0.2 0.11 0.07 0.09 0.06 0.02 0.01 0.04 0.02 0.01 0.01
 0 0 0.01 0.23 0.24 0.13 0.11 0.12 0.04 0.05 0.03 0 0.02 0.01 0.01
 0 0 0 0.02 0.39 0.24 0.11 0.05 0.09 0.03 0.01 0.01 0 0 0.05
 0 0 0 0 0.03 0.36 0.19 0.12 0.1 0.08 0.04 0.02 0.02 0.04 0
 0.02 0.05 0 0.02 0.01 0 0.38 0.21 0.11 0.02 0.04 0.05 0.04 0.02 0.03
 0 0.03 0.04 0.01 0 0 0 0.4 0.3 0.06 0.06 0.02 0.02 0.01 0.05
 0.08 0 0.03 0.14 0.02 0.01 0 0.04 0.23 0.14 0.11 0.1 0.02 0.05 0.03
 0.07 0.09 0.04 0.05 0.18 0.05 0 0.02 0.02 0.2 0.07 0.09 0.05 0.03 0.04
 0.07 0.07 0.11 0.09 0.11 0.09 0.1 0.12 0.04 0.04 0.03 0.05 0.02 0.02 0.04
 0.01 0.13 0.13 0.12 0.15 0.09 0.05 0.07 0.07 0.08 0.03 0.01 0.01 0.01 0.04
 0.01 0 0.09 0.13 0.14 0.15 0.14 0.04 0.06 0.08 0.02 0.04 0.04 0.04 0.02
 0 0 0 0.23 0.25 0.17 0.06 0.07 0.05 0.01 0.05 0.03 0.03 0.01 0.04
 0 0 0 0.01 0.31 0.27 0.13 0.08 0.04 0.01 0.04 0.03 0 0.01 0.07
 0 0 0 0 0 0.4 0.23 0.15 0.07 0.1 0.02 0.01 0.01 0 0.01
 0 0.05 0 0.02 0 0.01 0.46 0.21 0.07 0.07 0.06 0.01 0.01 0.01 0.02
 0.02 0 0.01 0 0.03 0.04 0.02 0.46 0.16 0.06 0.07 0.02 0.03 0.01 0.07
 0 0.01 0.01 0.08 0.02 0.01 0 0.01 0.43 0.2 0.06 0.06 0.02 0.02 0.07
 0.02 0.06 0.04 0.02 0.15 0.03 0.02 0.02 0.01 0.23 0.21 0.06 0.04 0.02 0.07
#OBS_survey_prop_N
 50
 50
 50
 50
 50
 50
 50
 50
 50
 50
 50
 50
 50
 50
 50
 50
 50
 50
 50
 50

#OBS_yield_fleet
 732.254
 471.545
 365.8
 229.15
 154.378
 93.3707
 57.8772
 30.3965
 16.6128
 10.3481
 957.499
 657.009
 514.445
 372.323
 263.624
 142.993
 81.0123
 47.5655
 28.2678
 16.1857
#OBS_yield_fleet_se
 0.05
 0.05
 0.05
 0.05
 0.05
 0.05
 0.05
 0.05
 0.05
 0.05
 0.05
 0.05
 0.05
 0.05
 0.05
 0.05
 0.05
 0.05
 0.05
 0.05

#OBS_catch_prop
 0.08 0.05 0.15 0.07 0.11 0.08 0.08 0.07 0.06 0.06 0.08 0.05 0.02 0.04 0
 0 0.05 0.05 0.19 0.17 0.17 0.09 0.07 0.08 0.06 0.03 0.01 0.01 0.02 0
 0 0 0.26 0.09 0.23 0.12 0.09 0.04 0.06 0.04 0.02 0.01 0.01 0.03 0
 0 0 0.01 0.24 0.27 0.08 0.15 0.05 0.04 0.04 0.03 0.03 0.02 0.02 0.02
 0 0 0 0.01 0.3 0.21 0.17 0.1 0.06 0.04 0.04 0.03 0 0.01 0.03
 0.01 0 0.02 0 0 0.33 0.24 0.11 0.1 0.06 0.05 0.04 0 0.03 0.01
 0.01 0.03 0.02 0.03 0 0.01 0.4 0.16 0.16 0.06 0.05 0.02 0.02 0.02 0.01
 0.01 0.01 0.12 0.05 0.04 0.01 0.01 0.33 0.17 0.07 0.05 0.02 0.04 0.02 0.05
 0.03 0.02 0.01 0.15 0.06 0.01 0.03 0 0.34 0.13 0.1 0.05 0.04 0.02 0.01
 0.05 0.11 0.02 0.07 0.2 0.02 0.03 0.01 0 0.28 0.1 0.06 0.01 0.01 0.03
 0.035 0.056 0.094 0.121 0.104 0.135 0.088 0.087 0.065 0.051 0.053 0.03 0.027 0.021 0.033
 0 0.091 0.126 0.146 0.138 0.108 0.072 0.077 0.045 0.045 0.037 0.031 0.033 0.021 0.03
 0.001 0 0.151 0.162 0.159 0.136 0.099 0.061 0.045 0.037 0.032 0.026 0.023 0.017 0.051
 0 0.002 0.009 0.283 0.178 0.146 0.109 0.068 0.041 0.036 0.028 0.019 0.018 0.014 0.049
 0.001 0 0 0.006 0.337 0.227 0.128 0.083 0.051 0.04 0.028 0.021 0.019 0.015 0.044
 0.008 0.008 0.001 0.007 0.012 0.359 0.233 0.115 0.062 0.051 0.035 0.02 0.011 0.022 0.056
 0.002 0.025 0.007 0.008 0.01 0.026 0.398 0.22 0.105 0.06 0.027 0.017 0.015 0.017 0.063
 0.003 0.007 0.068 0.03 0.016 0.011 0.02 0.359 0.2 0.094 0.049 0.035 0.017 0.017 0.074
 0.015 0.011 0.022 0.111 0.031 0.014 0.014 0.016 0.33 0.179 0.081 0.048 0.032 0.018 0.078
 0.025 0.058 0.028 0.036 0.19 0.037 0.019 0.009 0.013 0.273 0.113 0.066 0.036 0.024 0.073
#OBS_catch_prop_N
 100
 100
 100
 100
 100
 100
 100
 100
 100
 100
 100
 100
 100
 100
 100
 100
 100
 100
 100
 100

#nyrs_release
5
#years_of_tag_releases 
 1 3 5 7 9
#max_life_tags
4
#report_rate
 1 1
 1 1
 1 1
 1 1
 1 1
#ntags
 0.481342 0.972154 1.7942 2.89363 3.99306 4.81511 5.30592 5.5606 5.68317 5.74002 5.76594 5.77766 5.78295 5.78532 5.78639
 0.174865 0.353171 0.65181 1.05122 1.45063 1.74927 1.92757 2.02009 2.06462 2.08528 2.09469 2.09895 2.10087 2.10173 2.10212
 0.0581258 0.117395 0.216664 0.349429 0.482194 0.581462 0.640731 0.671486 0.686287 0.693153 0.696282 0.697698 0.698336 0.698623 0.698752
 0.0186959 0.0377596 0.0696888 0.112392 0.155095 0.187025 0.206088 0.21598 0.220741 0.222949 0.223956 0.224411 0.224616 0.224709 0.22475
 0.00694805 0.0140328 0.0258988 0.0417688 0.0576388 0.0695048 0.0765896 0.0802658 0.0820351 0.0828557 0.0832298 0.083399 0.0834753 0.0835096 0.083525
 0.605102 1.22211 2.25551 3.63762 5.01974 6.05314 6.67015 6.99031 7.14439 7.21586 7.24844 7.26318 7.26982 7.27281 7.27415
 0.259192 0.523483 0.966137 1.55816 2.15018 2.59283 2.85712 2.99426 3.06026 3.09088 3.10483 3.11114 3.11399 3.11527 3.11584
 0.0896612 0.181086 0.334211 0.539006 0.743801 0.896926 0.988351 1.03579 1.05862 1.06921 1.07404 1.07622 1.07721 1.07765 1.07785
 0.029297 0.0591704 0.109204 0.176122 0.243039 0.293073 0.322946 0.338447 0.345908 0.349368 0.350946 0.351659 0.35198 0.352125 0.35219
 0.0109915 0.0221992 0.0409707 0.0660763 0.091182 0.109953 0.121161 0.126977 0.129776 0.131074 0.131666 0.131933 0.132054 0.132108 0.132133
#ntags_total
 149.28 59.6405 20.3063 6.59433 2.46493
#tag_N
 100 100 100 100 100 100 100 100 100 100 100 100 100 100 100
 100 100 100 100 100 100 100 100 100 100 100 100 100 100 100
 100 100 100 100 100 100 100 100 100 100 100 100 100 100 100
 100 100 100 100 100 100 100 100 100 100 100 100 100 100 100
 100 100 100 100 100 100 100 100 100 100 100 100 100 100 100
 100 100 100 100 100 100 100 100 100 100 100 100 100 100 100
 100 100 100 100 100 100 100 100 100 100 100 100 100 100 100
 100 100 100 100 100 100 100 100 100 100 100 100 100 100 100
 100 100 100 100 100 100 100 100 100 100 100 100 100 100 100
 100 100 100 100 100 100 100 100 100 100 100 100 100 100 100

#input_T
 0.7 0.3
 0.7 0.3
 0.7 0.3
 0.7 0.3
 0.7 0.3
 0.7 0.3
 0.7 0.3
 0.7 0.3
 0.7 0.3
 0.7 0.3
 0.7 0.3
 0.7 0.3
 0.7 0.3
 0.7 0.3
 0.2 0.8
 0.2 0.8
 0.2 0.8
 0.2 0.8
 0.2 0.8
 0.2 0.8
 0.2 0.8
 0.2 0.8
 0.2 0.8
 0.2 0.8
 0.2 0.8
 0.2 0.8
 0.2 0.8
 0.2 0.8
 0.2 0.8
 0.2 0.8


#OBS_tag_prop_final
 0.048 0 0.05 0.02 0.058 0.034 0.028 0.048 0.714
 0.056 0.02 0.064 0.058 0.054 0.058 0.028 0.044 0.618
 0.09 0.056 0.092 0.076 0.032 0.08 0.028 0.03 0.516
 0.14 0.076 0.096 0.082 0.044 0.04 0.028 0.024 0.47
 0.19 0.066 0.09 0.1 0.038 0.03 0.02 0.026 0.44
 0.172 0.076 0.114 0.062 0.058 0.052 0.022 0.034 0.41
 0.244 0.114 0.092 0.08 0.052 0.042 0.016 0.02 0.34
 0.234 0.116 0.112 0.084 0.026 0.05 0.016 0.02 0.342
 0.264 0.094 0.082 0.084 0.026 0.036 0.016 0.02 0.378
 0.224 0.094 0.12 0.092 0.04 0.036 0.024 0.034 0.336
 0.246 0.112 0.086 0.074 0.05 0.054 0.004 0.028 0.346
 0.216 0.12 0.09 0.098 0.02 0.082 0.014 0.02 0.34
 0.204 0.1 0.046 0.158 0.006 0.072 0.02 0.034 0.36
 0.254 0.12 0.026 0.116 0.018 0.086 0.01 0.032 0.338
 0.068 0.282 0.032 0.116 0.026 0.064 0.012 0.026 0.374
 0.04 0 0.056 0.028 0.052 0.042 0.032 0.042 0.708
 0.042 0.014 0.08 0.06 0.052 0.05 0.048 0.038 0.616
 0.094 0.046 0.098 0.094 0.056 0.054 0.028 0.018 0.512
 0.152 0.056 0.124 0.068 0.03 0.044 0.016 0.038 0.472
 0.168 0.072 0.106 0.094 0.044 0.044 0.032 0.022 0.418
 0.228 0.116 0.09 0.066 0.04 0.072 0.016 0.026 0.346
 0.252 0.092 0.088 0.08 0.03 0.046 0.024 0.026 0.362
 0.238 0.104 0.09 0.08 0.048 0.044 0.016 0.034 0.346
 0.26 0.1 0.098 0.054 0.036 0.034 0.018 0.028 0.372
 0.226 0.136 0.088 0.082 0.036 0.046 0.022 0.016 0.348
 0.22 0.1 0.096 0.092 0.038 0.064 0.004 0.032 0.354
 0.272 0.106 0.074 0.07 0.016 0.07 0.012 0.018 0.362
 0.264 0.104 0.034 0.134 0.018 0.07 0.008 0.032 0.336
 0.27 0.092 0.026 0.144 0.026 0.076 0.004 0.026 0.336
 0.064 0.322 0.04 0.136 0.004 0.076 0.01 0.022 0.326
 0.016 0 0.062 0.042 0.046 0.03 0.048 0.028 0.728
 0.04 0.03 0.052 0.06 0.054 0.06 0.026 0.042 0.636
 0.086 0.042 0.08 0.078 0.058 0.066 0.032 0.024 0.534
 0.126 0.05 0.094 0.08 0.046 0.048 0.026 0.04 0.49
 0.204 0.06 0.13 0.08 0.04 0.042 0.01 0.016 0.418
 0.2 0.116 0.09 0.082 0.036 0.052 0.024 0.03 0.37
 0.218 0.098 0.084 0.068 0.034 0.048 0.022 0.034 0.394
 0.288 0.096 0.092 0.074 0.034 0.05 0.014 0.022 0.33
 0.266 0.12 0.084 0.102 0.048 0.034 0.012 0.016 0.318
 0.234 0.1 0.106 0.096 0.036 0.048 0.014 0.03 0.336
 0.266 0.114 0.082 0.08 0.044 0.058 0.002 0.032 0.322
 0.248 0.1 0.102 0.096 0.018 0.052 0.014 0.034 0.336
 0.222 0.132 0.032 0.168 0.022 0.06 0.004 0.038 0.322
 0.292 0.088 0.028 0.138 0.012 0.078 0.008 0.034 0.322
 0.084 0.248 0.056 0.116 0.02 0.064 0.014 0.03 0.368
 0.042 0 0.05 0.028 0.048 0.04 0.018 0.044 0.73
 0.042 0.022 0.088 0.084 0.036 0.058 0.038 0.05 0.582
 0.078 0.032 0.09 0.076 0.054 0.068 0.034 0.04 0.528
 0.142 0.056 0.104 0.084 0.048 0.052 0.022 0.034 0.458
 0.188 0.088 0.088 0.076 0.032 0.058 0.014 0.024 0.432
 0.194 0.082 0.086 0.068 0.032 0.052 0.014 0.032 0.44
 0.264 0.086 0.054 0.054 0.046 0.052 0.018 0.014 0.412
 0.25 0.122 0.094 0.076 0.04 0.05 0.012 0.02 0.336
 0.262 0.104 0.114 0.084 0.034 0.034 0.022 0.02 0.326
 0.242 0.116 0.098 0.076 0.026 0.048 0.008 0.026 0.36
 0.278 0.118 0.1 0.074 0.044 0.026 0.008 0.034 0.318
 0.234 0.096 0.108 0.082 0.02 0.066 0.012 0.026 0.356
 0.276 0.094 0.034 0.13 0.01 0.074 0.002 0.034 0.346
 0.256 0.082 0.03 0.146 0.02 0.062 0.016 0.022 0.366
 0.06 0.29 0.034 0.142 0.014 0.078 0.002 0.022 0.358
 0.036 0 0.06 0.038 0 0 0 0 0.866
 0.046 0.018 0.088 0.084 0 0 0 0 0.764
 0.096 0.036 0.064 0.072 0 0 0 0 0.732
 0.152 0.054 0.096 0.062 0 0 0 0 0.636
 0.208 0.08 0.096 0.07 0 0 0 0 0.546
 0.206 0.092 0.118 0.08 0 0 0 0 0.504
 0.252 0.074 0.078 0.072 0 0 0 0 0.524
 0.256 0.102 0.086 0.07 0 0 0 0 0.486
 0.274 0.096 0.088 0.072 0 0 0 0 0.47
 0.214 0.086 0.118 0.088 0 0 0 0 0.494
 0.248 0.102 0.114 0.08 0 0 0 0 0.456
 0.242 0.114 0.1 0.066 0 0 0 0 0.478
 0.224 0.14 0.028 0.138 0 0 0 0 0.47
 0.226 0.108 0.03 0.146 0 0 0 0 0.49
 0.058 0.282 0.044 0.154 0 0 0 0 0.462
 0 0.034 0.014 0.064 0.044 0.066 0.03 0.042 0.706
 0.022 0.06 0.028 0.1 0.03 0.074 0.038 0.044 0.604
 0.032 0.096 0.04 0.106 0.054 0.08 0.016 0.04 0.536
 0.054 0.136 0.032 0.126 0.036 0.056 0.02 0.026 0.514
 0.05 0.228 0.044 0.124 0.036 0.08 0.014 0.024 0.4
 0.078 0.268 0.05 0.116 0.026 0.064 0.02 0.032 0.346
 0.074 0.266 0.034 0.118 0.036 0.064 0.018 0.01 0.38
 0.052 0.28 0.056 0.114 0.022 0.048 0.006 0.032 0.39
 0.056 0.288 0.048 0.13 0.026 0.052 0.014 0.026 0.36
 0.074 0.234 0.04 0.148 0.026 0.046 0.024 0.02 0.388
 0.082 0.27 0.054 0.132 0.016 0.044 0.008 0.028 0.366
 0.088 0.272 0.064 0.09 0.024 0.052 0.012 0.018 0.38
 0.082 0.29 0.034 0.12 0.014 0.07 0.018 0.03 0.342
 0.072 0.288 0.044 0.136 0.012 0.072 0.014 0.02 0.342
 0.07 0.25 0.044 0.146 0.018 0.062 0.008 0.036 0.366
 0 0.052 0.03 0.072 0.03 0.058 0.032 0.05 0.676
 0.016 0.044 0.044 0.084 0.022 0.052 0.034 0.052 0.652
 0.02 0.106 0.038 0.106 0.048 0.072 0.01 0.036 0.564
 0.044 0.146 0.064 0.138 0.03 0.052 0.016 0.032 0.478
 0.052 0.176 0.044 0.124 0.036 0.062 0.026 0.028 0.452
 0.076 0.254 0.046 0.11 0.026 0.052 0.012 0.034 0.39
 0.06 0.262 0.042 0.142 0.036 0.07 0.004 0.03 0.354
 0.06 0.272 0.05 0.118 0.032 0.04 0.016 0.026 0.386
 0.068 0.268 0.056 0.128 0.036 0.056 0.022 0.04 0.326
 0.068 0.29 0.068 0.136 0.018 0.066 0.02 0.028 0.306
 0.066 0.296 0.05 0.12 0.032 0.064 0.004 0.022 0.346
 0.064 0.292 0.06 0.116 0.008 0.086 0.004 0.038 0.332
 0.07 0.28 0.044 0.138 0.026 0.066 0.006 0.034 0.336
 0.08 0.278 0.036 0.138 0.02 0.072 0.008 0.018 0.35
 0.062 0.292 0.048 0.12 0.022 0.052 0.014 0.024 0.366
 0 0.038 0.034 0.074 0.03 0.062 0.032 0.048 0.682
 0.01 0.056 0.04 0.082 0.038 0.088 0.04 0.048 0.598
 0.026 0.116 0.062 0.112 0.034 0.074 0.026 0.04 0.51
 0.046 0.164 0.046 0.11 0.034 0.082 0.02 0.034 0.464
 0.048 0.194 0.062 0.132 0.046 0.044 0.02 0.024 0.43
 0.056 0.262 0.076 0.12 0.026 0.07 0.016 0.022 0.352
 0.076 0.302 0.04 0.13 0.026 0.044 0.018 0.012 0.352
 0.08 0.268 0.054 0.108 0.018 0.042 0.008 0.034 0.388
 0.066 0.302 0.058 0.116 0.02 0.078 0.02 0.016 0.324
 0.08 0.228 0.046 0.108 0.04 0.052 0.016 0.032 0.398
 0.054 0.292 0.044 0.112 0.03 0.066 0.012 0.03 0.36
 0.074 0.32 0.042 0.118 0.016 0.06 0.008 0.024 0.338
 0.08 0.288 0.038 0.144 0.022 0.06 0.008 0.04 0.32
 0.068 0.31 0.026 0.156 0.018 0.05 0.008 0.026 0.338
 0.076 0.286 0.038 0.112 0.012 0.064 0.004 0.034 0.374
 0 0.042 0.028 0.09 0.03 0.05 0.02 0.044 0.696
 0.01 0.052 0.044 0.086 0.032 0.064 0.026 0.04 0.646
 0.036 0.088 0.048 0.088 0.028 0.07 0.02 0.032 0.59
 0.046 0.162 0.048 0.104 0.034 0.054 0.026 0.044 0.482
 0.036 0.196 0.078 0.088 0.046 0.066 0.014 0.034 0.442
 0.072 0.264 0.07 0.11 0.03 0.054 0.012 0.016 0.372
 0.074 0.222 0.064 0.118 0.026 0.058 0.014 0.032 0.392
 0.072 0.254 0.05 0.116 0.028 0.056 0.028 0.022 0.374
 0.066 0.28 0.048 0.116 0.03 0.08 0.014 0.02 0.346
 0.076 0.29 0.058 0.128 0.028 0.038 0.02 0.028 0.334
 0.086 0.28 0.034 0.116 0.016 0.062 0.008 0.032 0.366
 0.074 0.288 0.052 0.11 0.018 0.068 0.012 0.026 0.352
 0.062 0.278 0.032 0.158 0.02 0.048 0.002 0.022 0.378
 0.074 0.294 0.04 0.148 0.014 0.072 0.01 0.036 0.312
 0.108 0.278 0.034 0.124 0.016 0.05 0.006 0.032 0.352
 0 0.03 0.026 0.098 0 0 0 0 0.846
 0.012 0.052 0.04 0.072 0 0 0 0 0.824
 0.02 0.11 0.03 0.094 0 0 0 0 0.746
 0.036 0.172 0.054 0.122 0 0 0 0 0.616
 0.07 0.21 0.054 0.104 0 0 0 0 0.562
 0.052 0.228 0.054 0.136 0 0 0 0 0.53
 0.07 0.25 0.036 0.112 0 0 0 0 0.532
 0.066 0.28 0.06 0.112 0 0 0 0 0.482
 0.068 0.268 0.056 0.116 0 0 0 0 0.492
 0.088 0.248 0.054 0.13 0 0 0 0 0.48
 0.07 0.316 0.054 0.116 0 0 0 0 0.444
 0.06 0.296 0.048 0.124 0 0 0 0 0.472
 0.058 0.286 0.036 0.132 0 0 0 0 0.488
 0.062 0.294 0.022 0.14 0 0 0 0 0.482
 0.068 0.306 0.044 0.11 0 0 0 0 0.472
#init_abund
 1562.5 1246.43 994.303 793.174 632.729 504.739 402.64 321.193 256.222 204.393 163.048 130.066 103.756 82.7681 66.0256
 1562.5 1246.43 994.303 793.174 632.729 504.739 402.64 321.193 256.222 204.393 163.048 130.066 103.756 82.7681 66.0256

#input_M
 0.226 0.226 0.226 0.226 0.226 0.226 0.226 0.226 0.226 0.226 0.226 0.226 0.226 0.226 0.226
#q_survey
 1
 1
#sel_beta1
 0.8
 0.8
#sel_beta2
 4
 4
#sel_beta3
 -0.6
 -0.6
#sel_beta4
 20
 20
#sel_beta1_survey
 0.8
 0.8
#sel_beta2_survey
 4
 4
#sel_beta3_survey
 -0.6
 -0.6
#sel_beta4_survey
 20
 20
#steep
 0.814
#R_ave
 32.9453
#SSB_zero
 29.3032
#rec_devs
 1.01743 2.13331 1.01633 0.671611 1.00913 2.98095 0.633442 0.518137 1.29006 0.982062
#Rec_Prop
 0.6 0.6 0.6 0.6 0.6 0.6 0.6 0.6 0.6 0.6
 0.4 0.4 0.4 0.4 0.4 0.4 0.4 0.4 0.4 0.4
#recruits_BM
 1562.5 42.1696 20.0901 13.2759 19.9476 58.925 12.5214 10.2421 25.5008 19.4126
 1562.5 28.113 13.3934 8.85058 13.2984 39.2833 8.34758 6.82808 17.0005 12.9418
#F
 0.0415863 0.0839908 0.155013 0.25 0.344987 0.416009 0.458414 0.480417 0.491007 0.495919 0.498158 0.499171 0.499627 0.499832 0.499925
 0.0415863 0.0839908 0.155013 0.25 0.344987 0.416009 0.458414 0.480417 0.491007 0.495919 0.498158 0.499171 0.499627 0.499832 0.499925
 0.0415863 0.0839908 0.155013 0.25 0.344987 0.416009 0.458414 0.480417 0.491007 0.495919 0.498158 0.499171 0.499627 0.499832 0.499925
 0.0415863 0.0839908 0.155013 0.25 0.344987 0.416009 0.458414 0.480417 0.491007 0.495919 0.498158 0.499171 0.499627 0.499832 0.499925
 0.0415863 0.0839908 0.155013 0.25 0.344987 0.416009 0.458414 0.480417 0.491007 0.495919 0.498158 0.499171 0.499627 0.499832 0.499925
 0.0415863 0.0839908 0.155013 0.25 0.344987 0.416009 0.458414 0.480417 0.491007 0.495919 0.498158 0.499171 0.499627 0.499832 0.499925
 0.0415863 0.0839908 0.155013 0.25 0.344987 0.416009 0.458414 0.480417 0.491007 0.495919 0.498158 0.499171 0.499627 0.499832 0.499925
 0.0415863 0.0839908 0.155013 0.25 0.344987 0.416009 0.458414 0.480417 0.491007 0.495919 0.498158 0.499171 0.499627 0.499832 0.499925
 0.0415863 0.0839908 0.155013 0.25 0.344987 0.416009 0.458414 0.480417 0.491007 0.495919 0.498158 0.499171 0.499627 0.499832 0.499925
 0.0415863 0.0839908 0.155013 0.25 0.344987 0.416009 0.458414 0.480417 0.491007 0.495919 0.498158 0.499171 0.499627 0.499832 0.499925
 0.0415863 0.0839908 0.155013 0.25 0.344987 0.416009 0.458414 0.480417 0.491007 0.495919 0.498158 0.499171 0.499627 0.499832 0.499925
 0.0415863 0.0839908 0.155013 0.25 0.344987 0.416009 0.458414 0.480417 0.491007 0.495919 0.498158 0.499171 0.499627 0.499832 0.499925
 0.0415863 0.0839908 0.155013 0.25 0.344987 0.416009 0.458414 0.480417 0.491007 0.495919 0.498158 0.499171 0.499627 0.499832 0.499925
 0.0415863 0.0839908 0.155013 0.25 0.344987 0.416009 0.458414 0.480417 0.491007 0.495919 0.498158 0.499171 0.499627 0.499832 0.499925
 0.0415863 0.0839908 0.155013 0.25 0.344987 0.416009 0.458414 0.480417 0.491007 0.495919 0.498158 0.499171 0.499627 0.499832 0.499925
 0.0415863 0.0839908 0.155013 0.25 0.344987 0.416009 0.458414 0.480417 0.491007 0.495919 0.498158 0.499171 0.499627 0.499832 0.499925
 0.0415863 0.0839908 0.155013 0.25 0.344987 0.416009 0.458414 0.480417 0.491007 0.495919 0.498158 0.499171 0.499627 0.499832 0.499925
 0.0415863 0.0839908 0.155013 0.25 0.344987 0.416009 0.458414 0.480417 0.491007 0.495919 0.498158 0.499171 0.499627 0.499832 0.499925
 0.0415863 0.0839908 0.155013 0.25 0.344987 0.416009 0.458414 0.480417 0.491007 0.495919 0.498158 0.499171 0.499627 0.499832 0.499925
 0.0415863 0.0839908 0.155013 0.25 0.344987 0.416009 0.458414 0.480417 0.491007 0.495919 0.498158 0.499171 0.499627 0.499832 0.499925
#biomass_AM
 2959.8 2019.06 1333.69 851.494 515.148 302.788 174.008 99.6416 58.8997 37.669
 3654.5 2765.21 1934.64 1274.73 784.967 462.115 265.219 152.309 88.6467 54.8775
#biomass_population
 6614.3 4784.28 3268.33 2126.23 1300.11 764.902 439.226 251.951 147.546 92.5465
#harvest_rate_region_bio
 0.247882 0.241619 0.255784 0.280134 0.305414 0.31821 0.318068 0.313742 0.299375 0.273499
 0.252031 0.24727 0.260651 0.283901 0.308644 0.324066 0.32643 0.322691 0.313673 0.295277
#depletion_region
 1 0.682163 0.450601 0.287687 0.174048 0.1023 0.0587904 0.033665 0.0198999 0.0127269
 1 0.75666 0.529386 0.348812 0.214794 0.126451 0.0725731 0.0416772 0.0242569 0.0150164
#SSB_region
 1119.52 756.323 550.291 376.931 243.318 145.787 80.766 45.7451 25.7071 14.9519
 1404.32 1058.39 808.07 568.897 373.178 226.099 126.284 71.6096 40.4718 23.5725
#Bratio_population
 86.1283 61.9289 46.3554 32.2773 21.0385 12.691 7.06578 4.00485 2.25842 1.31468
#debug
1541
