#nages
5
#nyrs
10
#npops
1
#nregions
 2
#nfleets
 1
#nfleets_survey
 1
#tsurvey
 0 0
#larval_move_switch
0
#move_switch
0
#natal_homing_switch
0
#spawn_return_switch
0
#select_switch
1
#maturity_switch_equil
0
#SSB_type
2
#Rec_type
1
#apportionment_type
1
#use_stock_comp_info_survey
0
#use_stock_comp_info_catch
0
#F_switch
1
#recruit_devs_switch
1
#recruit_randwalk_switch
0
#tspawn
 0
#return_age
4
#return_probability
 1
#spawn_return_prob
 1
#do_tag
1
#do_tag_mult
1
#sigma_recruit
 1.2
#ph_rec
4
#ph_F
1
#ph_steep
-1
#ph_M
-1
#ph_sel_log
3
#ph_sel_dubl
-1
#ph_q
2
#ph_F_rho
-1
#ph_T_pop
-5
#ph_T_reg
-5
#ph_dummy
1
#wt_surv
1
#wt_catch
1
#wt_fish_age
1
#wt_srv_age
1
#wt_rec
1
#wt_tag
0
#input_Rec_prop
 0.6 0.4
#input_weight
 0.1196 0.462921 0.944268 1.46687 1.96493
 0.1196 0.462921 0.944268 1.46687 1.96493
#input_catch_weight
 0.1196 0.462921 0.944268 1.46687 1.96493
 0.1196 0.462921 0.944268 1.46687 1.96493
#fecundity
 0 0.25 0.5 1 1
 0 0.25 0.5 1 1
#maturity
 0.05 0.2 0.5 0.95 1
 0.05 0.2 0.5 0.95 1
#prop_fem
 0.5 0.5
#OBS_rec_index_BM
 109433 410054 44497.3 16353.3 21660.4 1.55932e+006 11807.3 3213.82 146426 27205.1
 64133.1 657730 64005.8 16933.2 31482.6 1.06005e+006 9960.17 7326.98 55464.5 30996.3
#OBS_survey_fleet_bio
 2.24787
 7.56426
 17.3839
 25.2354
 23.4079
 17.6027
 29.7125
 32.128
 49.873
 41.2187
 2.42361
 6.01058
 16.4593
 20.3976
 15.4675
 12.7063
 22.0896
 21.3573
 71.3289
 40.8881
#OBS_survey_fleet_bio_se
 0.2
 0.2
 0.2
 0.2
 0.2
 0.2
 0.2
 0.2
 0.2
 0.2
 0.2
 0.2
 0.2
 0.2
 0.2
 0.2
 0.2
 0.2
 0.2
 0.2

#OBS_survey_prop
 0.42 0.4 0.09 0.08 0.01
 0.6 0.24 0.11 0.04 0.01
 0.05 0.69 0.16 0.09 0.01
 0.01 0.04 0.8 0.11 0.04
 0.06 0.04 0.11 0.7 0.09
 0.65 0.02 0.03 0.04 0.26
 0.03 0.83 0.05 0.01 0.08
 0 0.02 0.92 0.02 0.04
 0.11 0 0.04 0.82 0.03
 0.06 0.19 0 0 0.75
 0.43 0.37 0.08 0.09 0.03
 0.54 0.2 0.21 0.02 0.03
 0.04 0.52 0.26 0.16 0.02
 0 0.05 0.73 0.14 0.08
 0.05 0.03 0.12 0.65 0.15
 0.82 0.04 0.08 0.01 0.05
 0.01 0.96 0.02 0 0.01
 0.02 0 0.94 0.04 0
 0.02 0 0.01 0.93 0.04
 0.02 0.14 0.03 0.02 0.79
#OBS_survey_prop_N
 50
 50
 50
 50
 50
 50
 50
 50
 50
 50
 50
 50
 50
 50
 50
 50
 50
 50
 50
 50

#OBS_yield_fleet
 2273.74
 20574.7
 97442.9
 196046
 174740
 192592
 210242
 264973
 162539
 272014
 2368.32
 30886.3
 92883.2
 152725
 120160
 85890.9
 78370.8
 114830
 294204
 152468
#OBS_yield_fleet_se
 0.05
 0.05
 0.05
 0.05
 0.05
 0.05
 0.05
 0.05
 0.05
 0.05
 0.05
 0.05
 0.05
 0.05
 0.05
 0.05
 0.05
 0.05
 0.05
 0.05

#OBS_catch_prop
 0.43 0.29 0.15 0.11 0.02
 0.63 0.18 0.16 0.02 0.01
 0.06 0.73 0.13 0.06 0.02
 0.02 0.13 0.66 0.1 0.09
 0.04 0.03 0.07 0.74 0.12
 0.72 0.06 0.03 0.02 0.17
 0.01 0.93 0.03 0 0.03
 0 0.01 0.94 0 0.05
 0.06 0 0.02 0.91 0.01
 0.05 0.21 0.02 0.01 0.71
 0.36 0.36 0.1 0.15 0.03
 0.55 0.2 0.19 0.04 0.02
 0.05 0.67 0.17 0.09 0.02
 0.01 0.15 0.62 0.12 0.1
 0.09 0.02 0.13 0.65 0.11
 0.86 0.02 0.02 0.02 0.08
 0 0.92 0.04 0 0.04
 0 0.01 0.97 0.01 0.01
 0.03 0.01 0 0.95 0.01
 0.02 0.17 0 0.01 0.8
#OBS_catch_prop_N
 100
 100
 100
 100
 100
 100
 100
 100
 100
 100
 100
 100
 100
 100
 100
 100
 100
 100
 100
 100

#nyrs_release
5
#years_of_tag_releases 
 1 3 5 7 9
#max_life_tags
4
#report_rate
 1 1
 1 1
 1 1
 1 1
 1 1
#ntags
 103.561 214.325 353.363 464.127 524.624
 402.026 832.018 1371.77 1801.76 2036.61
 203.829 421.836 695.489 913.496 1032.57
 752.46 1557.26 2567.49 3372.29 3811.86
 311.681 645.043 1063.5 1396.86 1578.93
 103.561 214.325 353.363 464.127 524.624
 306.56 634.444 1046.02 1373.91 1552.99
 108.99 225.561 371.887 488.459 552.127
 499.285 1033.3 1703.63 2237.64 2529.31
 336.093 695.565 1146.79 1506.26 1702.6
#ntags_total
 3320 11358.1 5014.24 20064.5 10383.3
#tag_N
 100 100 100 100 100
 100 100 100 100 100
 100 100 100 100 100
 100 100 100 100 100
 100 100 100 100 100
 100 100 100 100 100
 100 100 100 100 100
 100 100 100 100 100
 100 100 100 100 100
 100 100 100 100 100

#input_T
 0.675327 0.324673
 0.675327 0.324673
 0.675327 0.324673
 0.675327 0.324673
 0.675327 0.324673
 0.239022 0.760978
 0.239022 0.760978
 0.239022 0.760978
 0.239022 0.760978
 0.239022 0.760978


#OBS_tag_prop_final
 0.024 0 0.136 0 0.218 0 0.21 0 0.412
 0.026 0 0.198 0 0.21 0 0.156 0 0.41
 0.052 0 0.238 0 0.232 0 0.16 0 0.318
 0.092 0 0.214 0 0.208 0 0.132 0 0.354
 0.094 0 0.186 0 0.226 0 0.154 0 0.34
 0.096 0 0.262 0 0.192 0 0.118 0 0.332
 0.208 0 0.324 0 0.14 0 0.06 0 0.268
 0.298 0 0.324 0 0.092 0 0.068 0 0.218
 0.372 0 0.26 0 0.11 0 0.068 0 0.19
 0.39 0 0.332 0 0.096 0 0.046 0 0.136
 0.118 0 0.386 0 0.142 0 0.044 0 0.31
 0.244 0 0.396 0 0.072 0 0.028 0 0.26
 0.374 0 0.33 0 0.08 0 0.01 0 0.206
 0.492 0 0.3 0 0.048 0 0.01 0 0.15
 0.518 0 0.27 0 0.06 0 0.018 0 0.134
 0.162 0 0.232 0 0.084 0 0.1 0 0.422
 0.288 0 0.218 0 0.072 0 0.08 0 0.342
 0.486 0 0.19 0 0.06 0 0.054 0 0.21
 0.542 0 0.166 0 0.028 0 0.04 0 0.224
 0.588 0 0.182 0 0.062 0 0.03 0 0.138
 0.072 0 0.342 0 0 0 0 0 0.586
 0.158 0 0.338 0 0 0 0 0 0.504
 0.228 0 0.346 0 0 0 0 0 0.426
 0.318 0 0.274 0 0 0 0 0 0.408
 0.324 0 0.326 0 0 0 0 0 0.35
 0 0.018 0 0.222 0 0.278 0 0.174 0.308
 0 0.04 0 0.324 0 0.224 0 0.106 0.306
 0 0.058 0 0.342 0 0.232 0 0.104 0.264
 0 0.08 0 0.322 0 0.25 0 0.104 0.244
 0 0.076 0 0.37 0 0.224 0 0.08 0.25
 0 0.126 0 0.292 0 0.196 0 0.074 0.312
 0 0.236 0 0.342 0 0.13 0 0.036 0.256
 0 0.406 0 0.27 0 0.096 0 0.034 0.194
 0 0.452 0 0.258 0 0.08 0 0.028 0.182
 0 0.548 0 0.204 0 0.084 0 0.024 0.14
 0 0.166 0 0.316 0 0.094 0 0.052 0.372
 0 0.308 0 0.258 0 0.072 0 0.014 0.348
 0 0.514 0 0.216 0 0.024 0 0.018 0.228
 0 0.624 0 0.18 0 0.036 0 0.022 0.138
 0 0.628 0 0.218 0 0.028 0 0.012 0.114
 0 0.092 0 0.172 0 0.242 0 0.09 0.404
 0 0.184 0 0.156 0 0.242 0 0.062 0.356
 0 0.296 0 0.168 0 0.19 0 0.05 0.296
 0 0.38 0 0.15 0 0.178 0 0.074 0.218
 0 0.39 0 0.138 0 0.212 0 0.04 0.22
 0 0.12 0 0.15 0 0 0 0 0.73
 0 0.266 0 0.202 0 0 0 0 0.532
 0 0.368 0 0.182 0 0 0 0 0.45
 0 0.48 0 0.15 0 0 0 0 0.37
 0 0.49 0 0.148 0 0 0 0 0.362
#init_abund
 100000 50000 10000 5000 1000
 100000 50000 10000 5000 1000

#input_M
 0.1 0.1 0.1 0.1 0.1
#q_survey
 0.0001
 0.0001
#sel_beta1
 1
 1
#sel_beta2
 2.5
 2.5
#sel_beta3
 -0.6
 -0.6
#sel_beta4
 20
 20
#sel_beta1_survey
 1
 1
#sel_beta2_survey
 2.5
 2.5
#sel_beta3_survey
 -0.6
 -0.6
#sel_beta4_survey
 20
 20
#steep
 0.85
#R_ave
 162755
#SSB_zero
 1.2491e+006
#rec_devs
 0.651716 6.00759 0.649601 0.187453 0.635883 16.3908 0.157275 0.086074 1.32851 0.586079
#Rec_Prop
 0.6 0.6 0.6 0.6 0.6 0.6 0.6 0.6 0.6 0.6
 0.4 0.4 0.4 0.4 0.4 0.4 0.4 0.4 0.4 0.4
#recruits_BM
 100000 586658 63435.4 18305.3 62095.8 1.60061e+006 15358.3 8405.38 129733 57232.3
 100000 391105 42290.3 12203.5 41397.2 1.06707e+006 10238.9 5603.58 86488.5 38154.8
#F
 0.0182426 0.0377541 0.0622459 0.0817574 0.0924142
 0.0609458 0.126131 0.207955 0.27314 0.308743
 0.110607 0.228908 0.377406 0.495707 0.56032
 0.166495 0.344572 0.568103 0.74618 0.843441
 0.161982 0.335231 0.552703 0.725952 0.820577
 0.259663 0.537388 0.886003 1.16373 1.31542
 0.184165 0.38114 0.628394 0.82537 0.932953
 0.151483 0.313503 0.516878 0.678898 0.76739
 0.0833237 0.172444 0.284311 0.373431 0.422106
 0.16163 0.334504 0.551503 0.724377 0.818796
 0.0182426 0.0377541 0.0622459 0.0817574 0.0924142
 0.10454 0.216351 0.356703 0.468514 0.529583
 0.156453 0.32379 0.533839 0.701175 0.792571
 0.205933 0.426192 0.702671 0.922929 1.04323
 0.202956 0.420029 0.692511 0.909584 1.02814
 0.221569 0.458551 0.756023 0.993005 1.12244
 0.104553 0.216378 0.356747 0.468572 0.529649
 0.0706743 0.146265 0.24115 0.31674 0.358026
 0.147592 0.305451 0.503604 0.661463 0.747682
 0.100136 0.207237 0.341676 0.448777 0.507273
#biomass_AM
 53848 174716 370698 473880 369538 427403 601041 697804 592356 537079
 53848 151328 268928 294372 198469 237591 407921 571002 632303 422816
#biomass_population
 107696 326044 639626 768251 568007 664994 1.00896e+006 1.26881e+006 1.22466e+006 959895
#harvest_rate_region_bio
 0.0423073 0.121831 0.24514 0.430644 0.481914 0.464988 0.3345 0.390535 0.291245 0.504233
 0.0423073 0.212411 0.338549 0.50429 0.556408 0.378603 0.205315 0.207797 0.45769 0.36101
#depletion_region
 1 3.24462 6.88416 8.80032 6.86262 7.93721 11.1618 12.9588 11.0005 9.97398
 1 2.81028 4.99421 5.46672 3.68572 4.41226 7.57542 10.604 11.7424 7.85203
#SSB_region
 9440.55 26982 71360.5 139917 164110 111151 86711.6 182846 272130 243923
 9440.55 26397.3 56739.5 89918.5 87225.3 50930.9 55913 150133 294124 195864
#Bratio_population
 0.0151157 0.042734 0.102554 0.184 0.201212 0.129759 0.114181 0.266574 0.453328 0.352082
#debug
1541
