ParName   Value   Gradient
ln_T_CNST(1,1)     -1.51312   0.00140359
ln_T_CNST(2,1)       -2.796 -0.000891465
log_sel_beta1(1,1)    -0.191412 3.85688e-005
log_sel_beta1(2,1)     0.122233 -8.14107e-005
log_sel_beta2(1,1)      1.27229   0.00057466
log_sel_beta2(2,1)      1.37532 -0.000339881
log_sel_beta1surv(1,1)    -0.130176 1.82929e-006
log_sel_beta1surv(2,1)   -0.0419703 3.96248e-006
log_sel_beta2surv(1,1)      1.57546 1.51008e-005
log_sel_beta2surv(2,1)      1.55437 1.77036e-005
ln_q(1,1)    -0.460329 -3.8539e-005
ln_q(2,1)    -0.319643 4.61129e-005
ln_F(1,1)     -1.78569  4.4528e-005
ln_F(2,1)     -1.72155 -1.35368e-005
ln_F(3,1)     -1.50916 -3.23868e-005
ln_F(4,1)     -1.60307 -3.7846e-005
ln_F(5,1)      -1.6649 1.46432e-006
ln_F(6,1)     -1.38258 6.53745e-006
ln_F(7,1)      -1.1578 -8.48822e-006
ln_F(8,1)     -1.37422 -4.98802e-006
ln_F(9,1)     -1.07252 2.18733e-005
ln_F(10,1)     -1.24627 5.79152e-005
ln_F(11,1)    -0.757242 1.78774e-005
ln_F(12,1)    -0.635777 8.16718e-006
ln_F(13,1)    -0.692638 -3.78381e-007
ln_F(14,1)    -0.579674 -1.83224e-005
ln_F(15,1)    -0.366235 -3.81379e-005
ln_F(16,1)    -0.427512 -7.44496e-005
ln_F(17,1)    -0.735408 1.19854e-005
ln_F(18,1)    -0.370276 3.68375e-006
ln_F(19,1)    -0.331677 3.57268e-005
ln_F(20,1)    -0.501606 -5.16224e-005
ln_F(21,1)    -0.498193 -6.61945e-005
ln_F(22,1)    -0.623336 -1.36165e-005
ln_F(23,1)    -0.607285 4.41313e-005
ln_F(24,1)    -0.619846 4.04705e-005
ln_F(25,1)    -0.589302 1.38251e-005
ln_F(26,1)    -0.580799 2.43191e-005
ln_F(27,1)    -0.573333 -2.9454e-005
ln_F(28,1)     -0.76095 -3.17581e-005
ln_F(29,1)    -0.933218 -9.10469e-005
ln_F(30,1)    -0.669456 -4.03304e-005
ln_F(31,1)    -0.868157 -2.91198e-005
ln_F(32,1)    -0.996369 -3.41858e-005
ln_F(33,1)     -1.59575 -4.6672e-005
ln_F(34,1)      -1.0739 -2.9877e-005
ln_F(35,1)    -0.547597 -2.24915e-006
ln_F(36,1)     -2.80517 -6.62391e-005
ln_F(37,1)      -1.8374 -6.16518e-005
ln_F(38,1)     -1.05602 -7.89401e-005
ln_F(39,1)     -1.04438 -8.29891e-005
ln_F(40,1)     -1.15852 -0.000157175
ln_F(41,1)     -1.29174 -6.46557e-005
ln_F(42,1)     -1.23831 -5.63169e-005
ln_F(43,1)     -1.25714 -5.83622e-006
ln_F(44,1)     -1.28743 6.98165e-005
ln_F(45,1)     -1.04106  0.000119675
ln_F(46,1)      -1.0531 8.49061e-005
ln_F(47,1)    -0.936534 8.98446e-006
ln_F(48,1)     -1.03006 -3.60766e-005
ln_F(49,1)      -1.0863 -8.17197e-005
ln_F(50,1)     -1.04844 -0.000100999
ln_F(51,1)    -0.761721 -4.61957e-005
ln_F(52,1)    -0.994607 2.06263e-005
ln_F(53,1)    -0.752393 9.77576e-006
ln_F(54,1)    -0.931065 5.46087e-005
ln_F(55,1)     -1.00395 7.20246e-005
ln_F(56,1)    -0.875931   1.865e-005
ln_F(57,1)    -0.870926 -4.92229e-006
ln_F(58,1)    -0.843655 -5.07895e-006
ln_F(59,1)    -0.930393 6.77956e-005
ln_F(60,1)    -0.649236  8.9834e-005
ln_F(61,1)    -0.641079 3.15392e-005
ln_F(62,1)    -0.620121  1.4632e-005
ln_F(63,1)    -0.579961 1.45966e-005
ln_F(64,1)    -0.630863 2.81326e-005
ln_F(65,1)    -0.691489 2.46159e-005
ln_F(66,1)    -0.743941 5.61822e-006
ln_F(67,1)      -1.0324 -3.56732e-006
ln_F(68,1)    -0.818638 -2.23702e-005
ln_F(69,1)    -0.830303 -4.52101e-005
ln_F(70,1)    -0.796638 -4.59932e-005
ln_F(71,1)    -0.908336 -3.19925e-005
ln_F(72,1)    -0.992576 6.84768e-006
ln_F(73,1)     -1.08326 6.38685e-005
ln_F(74,1)     -1.11712 5.08314e-005
ln_F(75,1)     -1.11623 2.77228e-005
ln_F(76,1)    -0.972474 9.11611e-006
ln_F(77,1)    -0.985699 -2.80205e-005
ln_F(78,1)     -1.19293 -6.58505e-006
ln_F(79,1)     -1.14962 3.41363e-005
ln_F(80,1)     -1.21188 -6.23522e-006
ln_rec_devs_RN(1,1)    -0.118075 2.67043e-005
ln_rec_devs_RN(1,2)    -0.045816 -3.1053e-005
ln_rec_devs_RN(1,3)     0.704565 -9.09451e-005
ln_rec_devs_RN(1,4)     0.244452 -4.40252e-005
ln_rec_devs_RN(1,5)    -0.152808 8.04955e-007
ln_rec_devs_RN(1,6)     -0.46263 8.23667e-005
ln_rec_devs_RN(1,7)    0.0544074  0.000167173
ln_rec_devs_RN(1,8)     0.252328  0.000181336
ln_rec_devs_RN(1,9)     0.109337 6.87648e-005
ln_rec_devs_RN(1,10)      0.31148 -2.24911e-005
ln_rec_devs_RN(1,11)     0.326355 -0.000144111
ln_rec_devs_RN(1,12)    -0.206468 -0.000105502
ln_rec_devs_RN(1,13)    0.0758801 -0.000102169
ln_rec_devs_RN(1,14)     0.213847 -5.19776e-005
ln_rec_devs_RN(1,15)     0.240342 -1.27762e-005
ln_rec_devs_RN(1,16)    -0.123954 -8.99408e-005
ln_rec_devs_RN(1,17)     0.229895 -0.000262814
ln_rec_devs_RN(1,18)     0.224754 -0.000317255
ln_rec_devs_RN(1,19)    -0.254042 -0.000159041
ln_rec_devs_RN(1,20)     0.437082 -0.000322206
ln_rec_devs_RN(1,21)    -0.497535 -0.000211419
ln_rec_devs_RN(1,22)     0.227927 -0.000667245
ln_rec_devs_RN(1,23)      0.14813 -0.000821899
ln_rec_devs_RN(1,24)    -0.561321 -0.000473385
ln_rec_devs_RN(1,25)    -0.391673 -0.000565451
ln_rec_devs_RN(1,26)     0.224926 -0.000936238
ln_rec_devs_RN(1,27)     0.163743 -0.000686429
ln_rec_devs_RN(1,28)   -0.0599435 -0.000419682
ln_rec_devs_RN(1,29)    0.0139656 -0.000442913
ln_rec_devs_RN(1,30)    0.0456098 -0.000484978
ln_rec_devs_RN(1,31)     0.441517 -0.000766561
ln_rec_devs_RN(1,32)    -0.234716 -0.000425965
ln_rec_devs_RN(1,33)    0.0932938 -0.000607868
ln_rec_devs_RN(1,34)     0.781899  -0.00111074
ln_rec_devs_RN(1,35)   -0.0410081 -0.000435853
ln_rec_devs_RN(1,36)     0.483295 -0.000613812
ln_rec_devs_RN(1,37)     0.463494  -0.00038692
ln_rec_devs_RN(1,38)   -0.0647718 -0.000101817
ln_rec_devs_RN(1,39)    -0.177764 -3.16599e-005
ln_rec_devs_RN(2,1)    -0.139219 6.08339e-005
ln_rec_devs_RN(2,2)    -0.399845 -2.27992e-005
ln_rec_devs_RN(2,3)     0.159634 -7.83658e-005
ln_rec_devs_RN(2,4)     0.667722 -0.000204276
ln_rec_devs_RN(2,5)     -0.48112 -5.68736e-005
ln_rec_devs_RN(2,6)    -0.312982  2.0046e-005
ln_rec_devs_RN(2,7)     0.365934 9.05352e-005
ln_rec_devs_RN(2,8)     0.317497   0.00015985
ln_rec_devs_RN(2,9)    -0.269466  0.000128656
ln_rec_devs_RN(2,10)    -0.175182  0.000160875
ln_rec_devs_RN(2,11)    -0.482997 7.13944e-005
ln_rec_devs_RN(2,12)     0.577252  0.000140752
ln_rec_devs_RN(2,13)     0.354639  0.000176403
ln_rec_devs_RN(2,14)    -0.197656 9.70808e-005
ln_rec_devs_RN(2,15)     0.894156  0.000303889
ln_rec_devs_RN(2,16)    -0.694448 4.39423e-005
ln_rec_devs_RN(2,17)      0.34062 -2.33523e-005
ln_rec_devs_RN(2,18)     0.558356 -6.50388e-005
ln_rec_devs_RN(2,19)    0.0938055 -0.000102696
ln_rec_devs_RN(2,20)     0.414634 -0.000226244
ln_rec_devs_RN(2,21)     0.520083 -0.000484827
ln_rec_devs_RN(2,22)    -0.215433  -0.00028226
ln_rec_devs_RN(2,23)   -0.0584268 -0.000349151
ln_rec_devs_RN(2,24)     0.252674  -0.00054926
ln_rec_devs_RN(2,25)   0.00385377  -0.00032726
ln_rec_devs_RN(2,26)     0.234384 -0.000334178
ln_rec_devs_RN(2,27)      0.21373 -0.000191696
ln_rec_devs_RN(2,28)    -0.324971 -6.36522e-005
ln_rec_devs_RN(2,29)     0.424936 -8.10393e-005
ln_rec_devs_RN(2,30)    -0.340307 -8.05141e-005
ln_rec_devs_RN(2,31)     0.090092 -0.000138469
ln_rec_devs_RN(2,32)     0.301778 -0.000258944
ln_rec_devs_RN(2,33)     0.402412 -0.000283464
ln_rec_devs_RN(2,34)     0.371649 -0.000189747
ln_rec_devs_RN(2,35)     -0.11652 -9.09682e-005
ln_rec_devs_RN(2,36)     0.354395 -0.000108344
ln_rec_devs_RN(2,37)    -0.522236 -1.1823e-005
ln_rec_devs_RN(2,38)   -0.0999031 -1.50002e-005
ln_rec_devs_RN(2,39)    0.0364751 -1.25355e-005
ln_abund_devs(1,1)      1.19544 -4.32881e-005
ln_abund_devs(1,2)      1.00071 3.10787e-005
ln_abund_devs(1,3)     0.884902 2.32549e-005
ln_abund_devs(1,4)      1.20814 2.48914e-005
ln_abund_devs(1,5)     0.798591 1.43521e-005
ln_abund_devs(1,6)     0.854152 1.42342e-005
ln_abund_devs(1,7)     0.770691 9.50281e-006
ln_abund_devs(1,8)      1.21043 1.66981e-005
ln_abund_devs(1,9)      1.14518 1.23012e-005
ln_abund_devs(1,10)     0.669115 4.56981e-006
ln_abund_devs(1,11)     0.903667 5.35616e-006
ln_abund_devs(1,12)     0.946664 4.03406e-006
ln_abund_devs(1,13)     0.316888 2.53955e-006
ln_abund_devs(1,14)     0.939534 3.74175e-006
ln_abund_devs(1,15)     0.979298 3.41188e-006
ln_abund_devs(2,1)     0.685896 2.75442e-005
ln_abund_devs(2,2)      1.02398 4.90925e-005
ln_abund_devs(2,3)       1.0812 4.06313e-005
ln_abund_devs(2,4)      1.15676 2.75339e-005
ln_abund_devs(2,5)      1.17039 1.99354e-005
ln_abund_devs(2,6)      1.09644 1.43276e-005
ln_abund_devs(2,7)     0.977825 4.98524e-006
ln_abund_devs(2,8)     0.928283 9.47504e-006
ln_abund_devs(2,9)      1.04903 7.68256e-006
ln_abund_devs(2,10)      1.14774 5.05152e-006
ln_abund_devs(2,11)      1.26343 5.04294e-006
ln_abund_devs(2,12)      1.44688 1.55303e-006
ln_abund_devs(2,13)      1.41186 1.80744e-006
ln_abund_devs(2,14)      1.34084 1.93682e-006
ln_abund_devs(2,15)      1.35881 1.68386e-006
ln_R_ave(1)      6.56051    0.0020571
ln_R_ave(2)       6.4025  -0.00045075
