# Number of parameters = 202  Objective function value = 35777.8  Maximum gradient component = 0.00205714
# ln_T_YR:
 -3.50000
 -3.50000
 -3.50000
 -3.50000
 -3.50000
 -3.50000
 -3.50000
 -3.50000
 -3.50000
 -3.50000
 -3.50000
 -3.50000
 -3.50000
 -3.50000
 -3.50000
 -3.50000
 -3.50000
 -3.50000
 -3.50000
 -3.50000
 -3.50000
 -3.50000
 -3.50000
 -3.50000
 -3.50000
 -3.50000
 -3.50000
 -3.50000
 -3.50000
 -3.50000
 -3.50000
 -3.50000
 -3.50000
 -3.50000
 -3.50000
 -3.50000
 -3.50000
 -3.50000
 -3.50000
 -3.50000
 -3.50000
 -3.50000
 -3.50000
 -3.50000
 -3.50000
 -3.50000
 -3.50000
 -3.50000
 -3.50000
 -3.50000
 -3.50000
 -3.50000
 -3.50000
 -3.50000
 -3.50000
 -3.50000
 -3.50000
 -3.50000
 -3.50000
 -3.50000
 -3.50000
 -3.50000
 -3.50000
 -3.50000
 -3.50000
 -3.50000
 -3.50000
 -3.50000
 -3.50000
 -3.50000
 -3.50000
 -3.50000
 -3.50000
 -3.50000
 -3.50000
 -3.50000
 -3.50000
 -3.50000
 -3.50000
 -3.50000
# ln_T_CNST:
 -1.51312
 -2.79600
# log_sel_beta1:
 -0.191412
 0.122233
# log_sel_beta2:
 1.27229
 1.37532
# log_sel_beta3:
 -2.50000
 -2.50000
# log_sel_beta4:
 -2.50000
 -2.50000
# log_sel_beta1surv:
 -0.130176
 -0.0419703
# log_sel_beta2surv:
 1.57546
 1.55437
# log_sel_beta3surv:
 -2.50000
 -2.50000
# log_sel_beta4surv:
 -2.50000
 -2.50000
# ln_q:
 -0.460329
 -0.319643
# ln_F:
 -1.78569
 -1.72155
 -1.50916
 -1.60307
 -1.66490
 -1.38258
 -1.15780
 -1.37422
 -1.07252
 -1.24627
 -0.757242
 -0.635777
 -0.692638
 -0.579674
 -0.366235
 -0.427512
 -0.735408
 -0.370276
 -0.331677
 -0.501606
 -0.498193
 -0.623336
 -0.607285
 -0.619846
 -0.589302
 -0.580799
 -0.573333
 -0.760950
 -0.933218
 -0.669456
 -0.868157
 -0.996369
 -1.59575
 -1.07390
 -0.547597
 -2.80517
 -1.83740
 -1.05602
 -1.04438
 -1.15852
 -1.29174
 -1.23831
 -1.25714
 -1.28743
 -1.04106
 -1.05310
 -0.936534
 -1.03006
 -1.08630
 -1.04844
 -0.761721
 -0.994607
 -0.752393
 -0.931065
 -1.00395
 -0.875931
 -0.870926
 -0.843655
 -0.930393
 -0.649236
 -0.641079
 -0.620121
 -0.579961
 -0.630863
 -0.691489
 -0.743941
 -1.03240
 -0.818638
 -0.830303
 -0.796638
 -0.908336
 -0.992576
 -1.08326
 -1.11712
 -1.11623
 -0.972474
 -0.985699
 -1.19293
 -1.14962
 -1.21188
# F_rho:
 1.00000
 1.00000
# ln_rec_prop:
 -2.00000
 -2.00000
# ln_rec_prop_year:
 0.00000 0.00000 0.00000 0.00000 0.00000 0.00000 0.00000 0.00000 0.00000 0.00000 0.00000 0.00000 0.00000 0.00000 0.00000 0.00000 0.00000 0.00000 0.00000 0.00000 0.00000 0.00000 0.00000 0.00000 0.00000 0.00000 0.00000 0.00000 0.00000 0.00000 0.00000 0.00000 0.00000 0.00000 0.00000 0.00000 0.00000 0.00000 0.00000 0.00000
 0.00000 0.00000 0.00000 0.00000 0.00000 0.00000 0.00000 0.00000 0.00000 0.00000 0.00000 0.00000 0.00000 0.00000 0.00000 0.00000 0.00000 0.00000 0.00000 0.00000 0.00000 0.00000 0.00000 0.00000 0.00000 0.00000 0.00000 0.00000 0.00000 0.00000 0.00000 0.00000 0.00000 0.00000 0.00000 0.00000 0.00000 0.00000 0.00000 0.00000
# ln_rec_devs_RN:
 -0.118075 -0.0458160 0.704565 0.244452 -0.152808 -0.462630 0.0544074 0.252328 0.109337 0.311480 0.326355 -0.206468 0.0758801 0.213847 0.240342 -0.123954 0.229895 0.224754 -0.254042 0.437082 -0.497535 0.227927 0.148130 -0.561321 -0.391673 0.224926 0.163743 -0.0599435 0.0139656 0.0456098 0.441517 -0.234716 0.0932938 0.781899 -0.0410081 0.483295 0.463494 -0.0647718 -0.177764
 -0.139219 -0.399845 0.159634 0.667722 -0.481120 -0.312982 0.365934 0.317497 -0.269466 -0.175182 -0.482997 0.577252 0.354639 -0.197656 0.894156 -0.694448 0.340620 0.558356 0.0938055 0.414634 0.520083 -0.215433 -0.0584268 0.252674 0.00385377 0.234384 0.213730 -0.324971 0.424936 -0.340307 0.0900920 0.301778 0.402412 0.371649 -0.116520 0.354395 -0.522236 -0.0999031 0.0364751
# ln_abund_devs:
 1.19544 1.00071 0.884902 1.20814 0.798591 0.854152 0.770691 1.21043 1.14518 0.669115 0.903667 0.946664 0.316888 0.939534 0.979298
 0.685896 1.02398 1.08120 1.15676 1.17039 1.09644 0.977825 0.928283 1.04903 1.14774 1.26343 1.44688 1.41186 1.34084 1.35881
# ln_R_ave:
 6.56051 6.40250
# steep:
 0.814000 0.814000
# dummy:
0.00000000000
