#nages
15
#nyrs
40
#npops
2
#nregions
1
1
#nfleets
1
1
#nfleets_survey
1
1
#tsurvey
0
0
#larval_move_switch
0
#move_switch
4
#natal_homing_switch
0
#spawn_return_switch
0
#select_switch
1
#select_switch_survey
1
#maturity_switch_equil
0
#SSB_type
2
#Rec_type
1
#apportionment_type
1
#use_stock_comp_info_survey
0
#use_stock_comp_info_catch
0
#F_switch
1
#recruit_devs_switch
1
#recruit_randwalk_switch
0
#tspawn
 0 0
#return_age
4
#return_probability
 1 1
#spawn_return_prob
 1 1
#do_tag
1
#do_tag_mult
1
#sigma_recruit
 0.4 0.4
#ph_lmr
1
#ph_rec
2
#ph_abund_devs
1
#ph_F
3
#ph_steep
-1
#ph_M
-1
#ph_sel_log
6
#lb_sel_beta1
-10
#ub_sel_beta1
2
#lb_sel_beta2
-10
#ub_sel_beta2
2
#ph_sel_log_surv
5
#ph_sel_dubl
-1
#ph_sel_dubl_surv
-1
#ph_q
1
#ph_F_rho
-1
#ph_T_YR
-4
#ph_T_CNST
4
#ph_dummy
-1
#wt_surv
1
#wt_catch
1
#wt_fish_age
1
#wt_srv_age
1
#wt_rec
1
#wt_tag
0
#abund_pen_switch
0
#move_pen_switch
1
#Tpen
-5
#Tpen2
1
#input_Rec_prop
 1
 1
#input_weight
 0.101 0.273 0.377 0.473 0.545 0.622 0.674 0.754 0.805 0.833 0.909 0.952 0.938 0.918 0.982
 0.101 0.273 0.377 0.473 0.545 0.622 0.674 0.754 0.805 0.833 0.909 0.952 0.938 0.918 0.982
#input_catch_weight
 0.101 0.273 0.377 0.473 0.545 0.622 0.674 0.754 0.805 0.833 0.909 0.952 0.938 0.918 0.982
 0.101 0.273 0.377 0.473 0.545 0.622 0.674 0.754 0.805 0.833 0.909 0.952 0.938 0.918 0.982
#fecundity
 0 0.12 0.54 0.71 0.87 1 1 1 1 1 1 1 1 1 1
 0 0.12 0.54 0.71 0.87 1 1 1 1 1 1 1 1 1 1
#maturity
 0 0.12 0.54 0.71 0.87 1 1 1 1 1 1 1 1 1 1
 0 0.12 0.54 0.71 0.87 1 1 1 1 1 1 1 1 1 1
#prop_fem
 0.5
 0.5
#OBS_rec_index_BM
 1296.21 5.67653 14.8226 24.9746 20.9705 21.6106 21.3077 43.8647 9.30773 20.5951 20.4227 18.8458 17.411 21.3186 29.0559 11.8526 30.9095 19.7926 14.741 6.12674 34.856 14.042 35.4879 9.0828 6.14894 9.55381 50.7115 22.3636 15.3889 21.9973 7.4108 33.427 12.4036 11.2083 57.1302 5.68785 19.691 41.4234 5.86676 8.30402
 1776.69 13.9203 6.52809 17.6373 29.9265 6.12741 15.9634 12.5021 19.3843 8.02464 4.68552 4.65869 7.77514 9.49125 24.143 35.536 6.77494 22.646 28.0142 16.1153 21.5222 27.0541 14.6449 6.96567 10.0157 16.1428 18.0043 9.46852 5.64037 12.4357 9.56111 5.63446 18.5125 18.7508 30.7257 9.39957 29.566 14.1512 14.1825 11.496
#OBS_survey_fleet_bio
 1134.08
 794.743
 507.536
 786.445
 410.685
 279.977
 188.638
 103.016
 75.1824
 23.1459
 24.0667
 11.7717
 7.89596
 5.0016
 4.80654
 3.23267
 2.28919
 3.11274
 2.18773
 2.47901
 1.88792
 2.04346
 2.85067
 1.76714
 2.41241
 2.06027
 2.34805
 1.56677
 3.12082
 2.53037
 2.25647
 2.27319
 2.83272
 2.3346
 2.45942
 4.02029
 4.97067
 3.73193
 4.35729
 3.81768
 1452.98
 1494.25
 1283.04
 1306.15
 1115.31
 574.195
 401.004
 201.001
 208.221
 153.85
 51.5693
 47.2203
 17.6412
 14.2502
 12.649
 12.7662
 9.15534
 7.0972
 8.45652
 8.82542
 8.60155
 5.24742
 4.68725
 8.52343
 5.22387
 5.23594
 7.25443
 6.56207
 5.63766
 4.7233
 6.63167
 8.10193
 6.21197
 7.75539
 6.75944
 9.72769
 9.51655
 10.0506
 11.0984
 9.10357
#OBS_survey_fleet_bio_se
 0.2
 0.2
 0.2
 0.2
 0.2
 0.2
 0.2
 0.2
 0.2
 0.2
 0.2
 0.2
 0.2
 0.2
 0.2
 0.2
 0.2
 0.2
 0.2
 0.2
 0.2
 0.2
 0.2
 0.2
 0.2
 0.2
 0.2
 0.2
 0.2
 0.2
 0.2
 0.2
 0.2
 0.2
 0.2
 0.2
 0.2
 0.2
 0.2
 0.2
 0.2
 0.2
 0.2
 0.2
 0.2
 0.2
 0.2
 0.2
 0.2
 0.2
 0.2
 0.2
 0.2
 0.2
 0.2
 0.2
 0.2
 0.2
 0.2
 0.2
 0.2
 0.2
 0.2
 0.2
 0.2
 0.2
 0.2
 0.2
 0.2
 0.2
 0.2
 0.2
 0.2
 0.2
 0.2
 0.2
 0.2
 0.2
 0.2
 0.2

#OBS_survey_prop
 0.03 0 0.06 0.12 0.08 0.06 0.08 0.17 0.14 0.06 0.08 0.04 0.02 0.05 0.01
 0 0.03 0.07 0.08 0.19 0.16 0.12 0.04 0.11 0.05 0.04 0.03 0.02 0.01 0.05
 0 0 0.07 0.15 0.1 0.17 0.1 0.07 0.08 0.05 0.06 0.05 0.04 0.03 0.03
 0 0 0 0.21 0.11 0.1 0.16 0.12 0.04 0.08 0.07 0.06 0.03 0.01 0.01
 0 0 0 0.02 0.19 0.23 0.14 0.05 0.11 0.03 0.05 0.02 0.08 0.02 0.06
 0 0 0.02 0 0 0.18 0.22 0.13 0.07 0.11 0.02 0.08 0.05 0.03 0.09
 0 0 0 0 0.01 0 0.32 0.25 0.11 0.08 0.05 0.06 0.06 0 0.06
 0 0 0 0.01 0.01 0 0 0.37 0.15 0.14 0.04 0.08 0.04 0.03 0.13
 0.01 0 0.01 0.03 0 0.03 0 0.01 0.4 0.16 0.09 0.09 0.05 0.03 0.09
 0.02 0.02 0.03 0.01 0.04 0.03 0.01 0.01 0.01 0.24 0.2 0.13 0.06 0.07 0.12
 0.03 0.02 0.04 0.08 0.02 0 0.04 0.04 0.03 0.01 0.23 0.13 0.08 0.07 0.18
 0.02 0.05 0.02 0.07 0.04 0.06 0.03 0.03 0.01 0 0 0.23 0.1 0.1 0.24
 0.03 0.09 0.07 0.09 0.14 0.07 0.02 0.04 0.01 0.02 0 0 0.14 0.08 0.2
 0.06 0.07 0.09 0.17 0.12 0.08 0.08 0.01 0.03 0.01 0 0 0 0.13 0.15
 0.05 0.14 0.07 0.15 0.17 0.08 0.08 0.09 0.03 0 0 0 0 0 0.14
 0.05 0.02 0.14 0.21 0.12 0.16 0.06 0.02 0.05 0.01 0 0 0 0 0.16
 0.08 0.11 0.15 0.23 0.16 0.08 0.1 0.01 0.04 0 0 0 0 0 0.04
 0.07 0.09 0.2 0.27 0.1 0.12 0.09 0.02 0 0.01 0 0 0 0 0.03
 0.13 0.16 0.14 0.24 0.12 0.09 0.04 0.02 0.02 0.02 0.01 0 0 0 0.01
 0.05 0.2 0.14 0.11 0.25 0.12 0.08 0.02 0.01 0.01 0.01 0 0 0 0
 0.14 0.08 0.19 0.28 0.11 0.13 0.04 0.01 0 0 0 0.01 0 0 0.01
 0.1 0.18 0.14 0.23 0.14 0.07 0.08 0.02 0 0.02 0.01 0 0.01 0 0
 0.09 0.13 0.23 0.14 0.15 0.17 0.04 0.04 0.01 0 0 0 0 0 0
 0.1 0.16 0.07 0.28 0.13 0.17 0.05 0 0.03 0.01 0 0 0 0 0
 0.04 0.17 0.09 0.12 0.27 0.13 0.09 0.05 0.01 0.02 0 0 0 0 0.01
 0.04 0.06 0.18 0.22 0.18 0.22 0.05 0.02 0.03 0 0 0 0 0 0
 0.07 0.09 0.06 0.19 0.22 0.14 0.12 0.07 0.03 0.01 0 0 0 0 0
 0.13 0.14 0.1 0.1 0.21 0.14 0.07 0.05 0.02 0 0.03 0 0.01 0 0
 0.08 0.17 0.13 0.17 0.12 0.22 0.06 0.03 0 0 0.02 0 0 0 0
 0.14 0.05 0.22 0.23 0.09 0.11 0.1 0.01 0 0.04 0 0.01 0 0 0
 0.08 0.13 0.12 0.2 0.22 0.07 0.09 0.05 0.03 0.01 0 0 0 0 0
 0.11 0.11 0.12 0.18 0.23 0.12 0.04 0.04 0.02 0.02 0 0 0 0.01 0
 0.09 0.15 0.18 0.2 0.14 0.16 0.04 0.03 0 0 0 0.01 0 0 0
 0.04 0.09 0.14 0.2 0.22 0.15 0.06 0.06 0.01 0.01 0.01 0 0 0.01 0
 0.16 0.12 0.08 0.15 0.13 0.16 0.06 0.06 0.03 0.03 0.02 0 0 0 0
 0.06 0.18 0.09 0.19 0.21 0.1 0.08 0.03 0.04 0.02 0 0 0 0 0
 0.09 0.07 0.19 0.13 0.11 0.19 0.13 0.05 0.02 0.01 0.01 0 0 0 0
 0.1 0.14 0.1 0.3 0.09 0.08 0.13 0.02 0.02 0.02 0 0 0 0 0
 0.06 0.16 0.13 0.11 0.2 0.12 0.09 0.07 0.02 0.02 0 0 0.01 0.01 0
 0.01 0.06 0.22 0.23 0.16 0.13 0.06 0.06 0.04 0.01 0 0.01 0.01 0 0 0 0 0.07 0.1 0.16 0.1 0.1 0.15 0.05 0.08 0.07 0.03 0.04 0.03 0.02
 0 0.02 0.08 0.05 0.17 0.06 0.13 0.04 0.11 0.05 0.07 0.04 0.05 0.03 0.1
 0 0 0.05 0.14 0.12 0.13 0.15 0.08 0.05 0.1 0.04 0.03 0.03 0.04 0.04
 0 0 0 0.15 0.16 0.13 0.17 0.07 0.08 0.04 0.05 0.05 0.01 0.03 0.06
 0 0 0 0.01 0.17 0.21 0.15 0.07 0.11 0.07 0.07 0.03 0.05 0.03 0.03
 0 0 0 0 0 0.29 0.2 0.11 0.12 0.06 0.05 0.04 0.04 0.03 0.06
 0 0 0.01 0.01 0.01 0 0.32 0.25 0.16 0.04 0.04 0.08 0.01 0.02 0.05
 0.01 0 0 0.02 0 0 0 0.36 0.19 0.06 0.06 0.06 0.03 0.04 0.17
 0 0 0 0 0.03 0.01 0.01 0 0.34 0.21 0.11 0.07 0.04 0.07 0.11
 0 0.03 0 0.04 0 0.03 0 0 0 0.27 0.12 0.11 0.12 0.06 0.22
 0.01 0 0.04 0.01 0.02 0.03 0.04 0.05 0.01 0.03 0.24 0.2 0.1 0.06 0.16
 0 0.02 0.02 0.07 0.1 0.04 0.01 0.04 0.02 0 0 0.19 0.14 0.08 0.27
 0.02 0.02 0.02 0.09 0.12 0.12 0.02 0.01 0.07 0.04 0 0.01 0.18 0.08 0.2
 0.01 0.05 0.05 0.11 0.06 0.16 0.08 0.01 0.02 0.01 0 0 0 0.15 0.29
 0 0.1 0.05 0.15 0.14 0.08 0.12 0.08 0 0.02 0 0.02 0 0 0.24
 0.04 0.04 0.05 0.15 0.17 0.17 0.02 0.11 0.08 0.01 0 0.01 0.01 0 0.14
 0 0.14 0.13 0.15 0.13 0.2 0.09 0.03 0.03 0.02 0 0 0.01 0.01 0.06
 0.06 0.02 0.17 0.07 0.21 0.22 0.09 0.04 0.02 0.03 0.01 0.01 0 0 0.05
 0.02 0.12 0.07 0.28 0.17 0.16 0.1 0.03 0.01 0.02 0 0.01 0.01 0 0
 0.06 0.06 0.15 0.07 0.34 0.13 0.08 0.03 0.02 0.04 0.01 0 0 0 0.01
 0.05 0.06 0.13 0.26 0.11 0.22 0.07 0.03 0.03 0.02 0.01 0 0.01 0 0
 0.03 0.12 0.15 0.29 0.15 0.03 0.18 0.02 0.03 0 0 0 0 0 0
 0.01 0.09 0.18 0.11 0.33 0.15 0.05 0.05 0.01 0.01 0.01 0 0 0 0
 0.01 0.07 0.12 0.25 0.17 0.2 0.1 0.03 0.03 0.02 0 0 0 0 0
 0.04 0.05 0.16 0.19 0.23 0.17 0.11 0.02 0 0.03 0 0 0 0 0
 0.04 0.07 0.08 0.17 0.24 0.22 0.08 0.07 0.02 0 0.01 0 0 0 0
 0.02 0.04 0.12 0.17 0.19 0.22 0.15 0.03 0.03 0.02 0.01 0 0 0 0
 0 0.08 0.07 0.19 0.22 0.15 0.14 0.09 0.03 0.02 0 0 0 0 0.01
 0.01 0.13 0.21 0.2 0.14 0.12 0.14 0.02 0.02 0.01 0 0 0 0 0
 0.03 0.03 0.11 0.21 0.19 0.19 0.08 0.1 0.04 0.01 0 0.01 0 0 0
 0 0.04 0.09 0.26 0.28 0.11 0.08 0.1 0.03 0 0.01 0 0 0 0
 0 0.04 0.15 0.16 0.16 0.2 0.13 0.05 0.02 0.03 0.01 0.04 0 0.01 0
 0.03 0.06 0.07 0.24 0.08 0.22 0.18 0.05 0.04 0.01 0.01 0 0 0.01 0
 0.02 0.08 0.2 0.14 0.2 0.09 0.16 0.1 0 0.01 0 0 0 0 0
 0.03 0.08 0.08 0.16 0.14 0.22 0.09 0.13 0.03 0.01 0.03 0 0 0 0
 0.02 0.07 0.12 0.14 0.2 0.15 0.15 0.09 0.04 0.01 0.01 0 0 0 0
 0 0.04 0.17 0.17 0.16 0.22 0.08 0.08 0.06 0.01 0.01 0 0 0 0
 0.01 0.06 0.03 0.3 0.2 0.12 0.12 0.05 0.05 0.02 0 0.03 0 0 0.01
 0.01 0.02 0.16 0.12 0.3 0.17 0.05 0.06 0.03 0.04 0.03 0.01 0 0 0
 0.02 0.02 0.08 0.19 0.11 0.26 0.13 0.07 0.07 0.01 0.02 0.01 0.01 0 0
#OBS_survey_prop_N
 50
 50
 50
 50
 50
 50
 50
 50
 50
 50
 50
 50
 50
 50
 50
 50
 50
 50
 50
 50
 50
 50
 50
 50
 50
 50
 50
 50
 50
 50
 50
 50
 50
 50
 50
 50
 50
 50
 50
 50
 50
 50
 50
 50
 50
 50
 50
 50
 50
 50
 50
 50
 50
 50
 50
 50
 50
 50
 50
 50
 50
 50
 50
 50
 50
 50
 50
 50
 50
 50
 50
 50
 50
 50
 50
 50
 50
 50
 50
 50

#OBS_yield_fleet
 293.552
 252.174
 214.595
 140.735
 143.029
 112.897
 70.3927
 43.5185
 26.3281
 11.8144
 8.81457
 5.3643
 6.04791
 3.25019
 4.04506
 4.92876
 2.34585
 3.97938
 2.90804
 2.69353
 2.70938
 2.46858
 2.63586
 2.36584
 2.68179
 2.08584
 2.32065
 1.93982
 1.70177
 1.94486
 1.8916
 2.7373
 2.24393
 2.00199
 2.68966
 2.41281
 1.3865
 3.32121
 1.42568
 0.277092
 582.022
 544.763
 495.313
 384.241
 348.699
 254.746
 188.451
 113.081
 58.871
 38.8178
 24.3786
 17.8181
 9.41117
 7.37011
 5.67891
 5.03139
 5.69304
 3.70502
 5.32922
 4.44498
 4.77656
 4.69181
 4.86053
 4.63711
 4.1673
 3.96913
 3.50793
 3.84015
 3.57321
 3.42145
 3.46201
 3.33228
 3.36595
 2.50822
 3.36144
 3.21046
 4.0532
 4.43149
 4.58618
 5.2014
#OBS_yield_fleet_se
 0.05
 0.05
 0.05
 0.05
 0.05
 0.05
 0.05
 0.05
 0.05
 0.05
 0.05
 0.05
 0.05
 0.05
 0.05
 0.05
 0.05
 0.05
 0.05
 0.05
 0.05
 0.05
 0.05
 0.05
 0.05
 0.05
 0.05
 0.05
 0.05
 0.05
 0.05
 0.05
 0.05
 0.05
 0.05
 0.05
 0.05
 0.05
 0.05
 0.05
 0.05
 0.05
 0.05
 0.05
 0.05
 0.05
 0.05
 0.05
 0.05
 0.05
 0.05
 0.05
 0.05
 0.05
 0.05
 0.05
 0.05
 0.05
 0.05
 0.05
 0.05
 0.05
 0.05
 0.05
 0.05
 0.05
 0.05
 0.05
 0.05
 0.05
 0.05
 0.05
 0.05
 0.05
 0.05
 0.05
 0.05
 0.05
 0.05
 0.05

#OBS_catch_prop
 0.05 0.08 0.05 0.18 0.1 0.1 0.08 0.07 0.12 0.05 0.03 0.02 0.02 0.01 0.04
 0 0.08 0.06 0.18 0.14 0.1 0.13 0.07 0.08 0 0.03 0.01 0.06 0.03 0.03
 0 0 0.14 0.16 0.18 0.06 0.06 0.08 0.09 0.06 0.03 0.01 0.03 0.06 0.04
 0 0 0 0.23 0.13 0.12 0.13 0.09 0.06 0.05 0.04 0.03 0.03 0.03 0.06
 0.01 0.02 0 0.01 0.2 0.17 0.18 0.04 0.09 0.09 0.06 0.02 0.02 0.02 0.07
 0.01 0 0.01 0 0 0.33 0.14 0.13 0.09 0.04 0.07 0.05 0.01 0.04 0.08
 0 0.02 0 0.01 0 0.01 0.28 0.21 0.15 0.1 0.06 0.05 0.01 0.01 0.09
 0 0.01 0 0.03 0.02 0 0.01 0.27 0.24 0.16 0.04 0.04 0.04 0.02 0.12
 0.04 0.06 0.02 0.04 0.03 0.03 0 0 0.24 0.16 0.1 0.06 0.03 0.04 0.15
 0.1 0.04 0.07 0.02 0.03 0.02 0.01 0.01 0 0.24 0.11 0.08 0.05 0.07 0.15
 0.09 0.06 0.09 0.04 0.04 0 0.05 0.01 0 0 0.23 0.1 0.11 0.04 0.14
 0.1 0.08 0.09 0.17 0.09 0.04 0.01 0.01 0 0 0 0.15 0.14 0.03 0.09
 0.05 0.17 0.2 0.07 0.04 0.1 0 0 0.02 0.03 0 0 0.08 0.09 0.15
 0.11 0.12 0.17 0.22 0.06 0.1 0.1 0.01 0.01 0 0.01 0 0 0.05 0.04
 0.15 0.13 0.12 0.15 0.15 0.04 0.09 0.02 0.01 0 0 0 0 0 0.14
 0.18 0.24 0.16 0.11 0.08 0.07 0.04 0.05 0.01 0.01 0 0 0 0 0.05
 0.06 0.33 0.2 0.19 0.09 0.05 0.04 0.01 0.01 0 0 0 0 0 0.02
 0.16 0.22 0.24 0.12 0.14 0.03 0.02 0.05 0 0.02 0 0 0 0 0
 0.21 0.24 0.18 0.19 0.08 0.07 0.02 0.01 0 0 0 0 0 0 0
 0.09 0.22 0.31 0.13 0.14 0.07 0.02 0.01 0 0 0 0.01 0 0 0
 0.19 0.14 0.28 0.19 0.09 0.07 0.04 0 0 0 0 0 0 0 0
 0.1 0.35 0.09 0.24 0.13 0.02 0.05 0.01 0.01 0 0 0 0 0 0
 0.2 0.11 0.3 0.13 0.13 0.07 0.02 0.04 0 0 0 0 0 0 0
 0.12 0.21 0.15 0.31 0.06 0.07 0.04 0.01 0.03 0 0 0 0 0 0
 0.09 0.24 0.22 0.13 0.2 0.02 0.06 0.03 0 0.01 0 0 0 0 0
 0.09 0.11 0.25 0.26 0.1 0.11 0.02 0.02 0.03 0.01 0 0 0 0 0
 0.17 0.18 0.15 0.14 0.14 0.08 0.07 0.02 0.03 0.01 0.01 0 0 0 0
 0.25 0.21 0.14 0.12 0.11 0.05 0.06 0.03 0.03 0 0 0 0 0 0
 0.14 0.17 0.31 0.14 0.07 0.1 0.03 0.03 0.01 0 0 0 0 0 0
 0.09 0.2 0.29 0.17 0.04 0.07 0.09 0.03 0.01 0.01 0 0 0 0 0
 0.14 0.12 0.17 0.26 0.19 0.03 0.04 0.02 0.02 0 0 0 0 0 0.01
 0.18 0.17 0.27 0.14 0.14 0.06 0.01 0.01 0.01 0.01 0 0 0 0 0
 0.08 0.23 0.18 0.17 0.11 0.12 0.06 0.02 0.02 0.01 0 0 0 0 0
 0.1 0.06 0.29 0.19 0.2 0.07 0.08 0.01 0 0 0 0 0 0 0
 0.35 0.11 0.11 0.21 0.12 0.06 0.02 0.01 0.01 0 0 0 0 0 0
 0.07 0.3 0.2 0.1 0.14 0.06 0.05 0.04 0.03 0 0 0 0.01 0 0
 0.17 0.15 0.25 0.15 0.08 0.12 0.02 0.02 0.03 0.01 0 0 0 0 0
 0.21 0.21 0.11 0.23 0.13 0.02 0.06 0.01 0.01 0 0 0.01 0 0 0
 0.06 0.22 0.14 0.19 0.18 0.1 0.06 0.01 0.04 0 0 0 0 0 0
 0.09 0.15 0.18 0.23 0.08 0.12 0.08 0.03 0.01 0 0.01 0.02 0 0 0 0.02 0.05 0.05 0.08 0.13 0.11 0.1 0.07 0.08 0.05 0.08 0.07 0.05 0.03 0.03
 0 0.01 0 0.19 0.17 0.17 0.09 0.06 0.03 0.09 0.03 0.02 0.07 0.04 0.03
 0 0 0.1 0.15 0.18 0.13 0.06 0.1 0.09 0.01 0.02 0.06 0.03 0.02 0.05
 0 0 0.01 0.24 0.13 0.16 0.11 0.09 0.05 0.03 0.04 0.03 0.04 0.03 0.04
 0 0 0 0 0.23 0.25 0.16 0.08 0.04 0.09 0.05 0 0.04 0.01 0.05
 0 0 0 0 0 0.33 0.19 0.12 0.11 0.08 0.05 0.02 0.01 0.01 0.08
 0 0 0 0.01 0 0 0.32 0.15 0.13 0.1 0.07 0.03 0.07 0.01 0.11
 0 0 0 0.01 0.01 0 0 0.31 0.2 0.12 0.03 0.05 0.05 0.04 0.18
 0 0.01 0 0 0.03 0.01 0.02 0 0.28 0.21 0.13 0.05 0.05 0.06 0.15
 0 0.01 0.04 0.01 0 0.01 0.04 0.01 0.01 0.33 0.14 0.1 0.08 0.03 0.19
 0.01 0.02 0.07 0.02 0.05 0.01 0.01 0.03 0 0.02 0.26 0.19 0.08 0.08 0.15
 0 0.01 0.02 0.1 0.09 0.06 0.01 0.05 0.01 0 0 0.23 0.1 0.08 0.24
 0.02 0.01 0.06 0.04 0.25 0.08 0.05 0.02 0.03 0.01 0.01 0 0.09 0.16 0.17
 0.02 0.08 0.07 0.14 0.16 0.09 0.08 0.05 0 0.02 0.01 0 0 0.11 0.17
 0.01 0.05 0.12 0.17 0.17 0.08 0.14 0.03 0.01 0.01 0 0 0 0 0.21
 0.03 0.06 0.15 0.23 0.16 0.1 0.06 0.07 0.01 0.02 0.01 0 0.01 0 0.09
 0.01 0.15 0.11 0.27 0.2 0.11 0.06 0.04 0 0 0 0.01 0.01 0 0.03
 0.04 0.04 0.24 0.15 0.2 0.12 0.06 0.05 0.02 0.02 0 0 0 0.01 0.05
 0.04 0.06 0.11 0.35 0.19 0.08 0.09 0 0.02 0 0.02 0.01 0 0 0.03
 0.04 0.14 0.18 0.19 0.26 0.08 0.07 0.04 0 0 0 0 0 0 0
 0.05 0.06 0.28 0.3 0.06 0.1 0.08 0.05 0.01 0 0 0 0.01 0 0
 0.03 0.09 0.11 0.3 0.21 0.07 0.13 0.04 0.01 0 0.01 0 0 0 0
 0 0.11 0.31 0.1 0.23 0.16 0.02 0.05 0.01 0 0 0 0 0.01 0
 0.03 0.06 0.22 0.26 0.14 0.15 0.1 0.03 0.01 0 0 0 0 0 0
 0.02 0.07 0.13 0.24 0.2 0.12 0.11 0.05 0.05 0 0.01 0 0 0 0
 0.02 0.12 0.15 0.23 0.16 0.16 0.07 0.05 0.03 0.01 0 0 0 0 0
 0.03 0.07 0.13 0.28 0.12 0.21 0.14 0 0.02 0 0 0 0 0 0
 0.03 0.07 0.15 0.17 0.24 0.13 0.11 0.07 0 0.03 0 0 0 0 0
 0.02 0.11 0.1 0.16 0.23 0.18 0.09 0.05 0.04 0 0.02 0 0 0 0
 0.03 0.04 0.2 0.3 0.15 0.12 0.06 0.06 0.01 0.03 0 0 0 0 0
 0.01 0.08 0.14 0.21 0.28 0.14 0.04 0.05 0.01 0.03 0.01 0 0 0 0
 0.04 0.05 0.18 0.14 0.24 0.23 0.09 0.02 0 0.01 0 0 0 0 0
 0.03 0.07 0.15 0.27 0.14 0.15 0.1 0.04 0 0.04 0 0 0 0 0.01
 0.03 0.1 0.22 0.19 0.17 0.06 0.06 0.09 0.04 0.01 0.01 0.02 0 0 0
 0.03 0.06 0.09 0.2 0.23 0.24 0.05 0.06 0.02 0.01 0 0 0 0.01 0
 0.01 0.07 0.13 0.2 0.19 0.11 0.17 0.09 0.01 0.01 0 0.01 0 0 0
 0.03 0.04 0.29 0.22 0.14 0.11 0.04 0.04 0.05 0.01 0.01 0.01 0 0 0.01
 0.01 0.08 0.14 0.23 0.2 0.14 0.07 0.07 0.01 0.01 0.03 0.01 0 0 0
 0.02 0.03 0.11 0.16 0.36 0.16 0.08 0.02 0.02 0.03 0 0.01 0 0 0
 0.02 0.04 0.1 0.28 0.13 0.18 0.12 0.05 0.04 0.02 0.02 0 0 0 0
#OBS_catch_prop_N
 100
 100
 100
 100
 100
 100
 100
 100
 100
 100
 100
 100
 100
 100
 100
 100
 100
 100
 100
 100
 100
 100
 100
 100
 100
 100
 100
 100
 100
 100
 100
 100
 100
 100
 100
 100
 100
 100
 100
 100
 100
 100
 100
 100
 100
 100
 100
 100
 100
 100
 100
 100
 100
 100
 100
 100
 100
 100
 100
 100
 100
 100
 100
 100
 100
 100
 100
 100
 100
 100
 100
 100
 100
 100
 100
 100
 100
 100
 100
 100

#nyrs_release
5
#years_of_tag_releases 
 1 3 5 7 9
#max_life_tags
4
#report_rate
 1
 1
 1
 1
 1
 1
 1
 1
 1
 1
#ntags
 0.151603 0.358948 0.80855 1.64759 2.85 4.05241 4.89144 5.34105 5.54839 5.63737 5.67436 5.68955 5.69574 5.69826 5.69929
 0.0592796 0.140356 0.316159 0.644239 1.1144 1.58457 1.91265 2.08845 2.16953 2.20432 2.21879 2.22472 2.22715 2.22813 2.22853
 0.0231407 0.0547898 0.123417 0.251488 0.435024 0.61856 0.746631 0.815258 0.846907 0.860489 0.866136 0.868453 0.869399 0.869784 0.86994
 0.00764752 0.0181069 0.0407869 0.0831117 0.143767 0.204422 0.246746 0.269426 0.279886 0.284374 0.286241 0.287006 0.287319 0.287446 0.287498
 0.00267453 0.00633246 0.0142642 0.0290663 0.0502789 0.0714915 0.0862936 0.0942253 0.0978833 0.099453 0.100106 0.100373 0.100483 0.100527 0.100545
 0.227197 0.537932 1.21172 2.46913 4.27111 6.07308 7.33049 8.00428 8.31501 8.44836 8.5038 8.52655 8.53584 8.53962 8.54116
 0.130518 0.309025 0.696096 1.41844 2.45361 3.48879 4.21113 4.59821 4.77671 4.85331 4.88517 4.89824 4.90357 4.90574 4.90662
 0.0596135 0.141146 0.31794 0.647867 1.12068 1.5935 1.92342 2.10022 2.18175 2.21674 2.23128 2.23725 2.23969 2.24068 2.24109
 0.0230529 0.054582 0.122949 0.250534 0.433374 0.616214 0.743799 0.812166 0.843695 0.857225 0.862851 0.86516 0.866102 0.866485 0.866641
 0.00895544 0.0212037 0.0477625 0.0973258 0.168354 0.239383 0.288946 0.315505 0.327753 0.333009 0.335195 0.336091 0.336457 0.336606 0.336667
#ntags_total
 149.28 74.7965 32.6123 12.0986 4.58321
#tag_N
 100 100 100 100 100 100 100 100 100 100 100 100 100 100 100
 100 100 100 100 100 100 100 100 100 100 100 100 100 100 100
 100 100 100 100 100 100 100 100 100 100 100 100 100 100 100
 100 100 100 100 100 100 100 100 100 100 100 100 100 100 100
 100 100 100 100 100 100 100 100 100 100 100 100 100 100 100
 100 100 100 100 100 100 100 100 100 100 100 100 100 100 100
 100 100 100 100 100 100 100 100 100 100 100 100 100 100 100
 100 100 100 100 100 100 100 100 100 100 100 100 100 100 100
 100 100 100 100 100 100 100 100 100 100 100 100 100 100 100
 100 100 100 100 100 100 100 100 100 100 100 100 100 100 100

#input_T
 0.7
 0.3
 0.7
 0.3
 0.7
 0.3
 0.7
 0.3
 0.7
 0.3
 0.7
 0.3
 0.7
 0.3
 0.7
 0.3
 0.7
 0.3
 0.7
 0.3
 0.7
 0.3
 0.7
 0.3
 0.7
 0.3
 0.7
 0.3
 0.7
 0.3

 0.1
 0.9
 0.1
 0.9
 0.1
 0.9
 0.1
 0.9
 0.1
 0.9
 0.1
 0.9
 0.1
 0.9
 0.1
 0.9
 0.1
 0.9
 0.1
 0.9
 0.1
 0.9
 0.1
 0.9
 0.1
 0.9
 0.1
 0.9
 0.1
 0.9


#OBS_tag_prop_final
 0.024 0 0.046 0.002 0.03 0.022 0.026 0.044 0.806
 0.018 0.006 0.054 0.04 0.022 0.056 0.024 0.042 0.738
 0.04 0.02 0.068 0.06 0.04 0.05 0.03 0.03 0.662
 0.088 0.024 0.062 0.076 0.024 0.056 0.028 0.032 0.61
 0.102 0.048 0.054 0.048 0.028 0.048 0.022 0.042 0.608
 0.098 0.034 0.04 0.048 0.036 0.074 0.012 0.034 0.624
 0.118 0.064 0.06 0.074 0.038 0.048 0.02 0.03 0.548
 0.102 0.07 0.056 0.062 0.042 0.054 0.022 0.05 0.542
 0.12 0.05 0.084 0.048 0.03 0.048 0.016 0.04 0.564
 0.09 0.058 0.062 0.052 0.022 0.058 0.032 0.042 0.584
 0.094 0.064 0.072 0.066 0.036 0.046 0.028 0.032 0.562
 0.098 0.05 0.052 0.06 0.052 0.056 0.02 0.028 0.584
 0.1 0.046 0.048 0.062 0.028 0.056 0.026 0.036 0.598
 0.112 0.052 0.07 0.082 0.03 0.046 0.022 0.038 0.548
 0.104 0.046 0.076 0.052 0.044 0.056 0.008 0.032 0.582
 0.024 0 0.046 0.014 0.034 0.044 0.018 0.038 0.782
 0.028 0.006 0.038 0.052 0.036 0.054 0.034 0.036 0.716
 0.056 0.014 0.076 0.07 0.042 0.07 0.03 0.042 0.6
 0.1 0.036 0.06 0.086 0.05 0.046 0.022 0.02 0.58
 0.1 0.044 0.062 0.074 0.036 0.074 0.024 0.038 0.548
 0.136 0.058 0.078 0.088 0.032 0.044 0.014 0.036 0.514
 0.124 0.09 0.062 0.064 0.046 0.036 0.018 0.028 0.532
 0.11 0.076 0.072 0.072 0.034 0.054 0.014 0.04 0.528
 0.114 0.086 0.086 0.068 0.036 0.054 0.016 0.012 0.528
 0.114 0.074 0.07 0.07 0.056 0.04 0.026 0.032 0.518
 0.112 0.06 0.068 0.066 0.04 0.052 0.018 0.04 0.544
 0.15 0.066 0.072 0.062 0.05 0.038 0.012 0.026 0.524
 0.152 0.064 0.062 0.066 0.046 0.05 0.02 0.026 0.514
 0.146 0.082 0.058 0.06 0.032 0.056 0.026 0.038 0.502
 0.132 0.066 0.098 0.06 0.048 0.058 0.03 0.036 0.472
 0.01 0 0.062 0.01 0.074 0.024 0.034 0.046 0.74
 0.032 0.008 0.062 0.034 0.058 0.06 0.022 0.042 0.682
 0.074 0.018 0.078 0.066 0.05 0.06 0.026 0.058 0.57
 0.11 0.028 0.082 0.062 0.054 0.052 0.024 0.024 0.564
 0.138 0.082 0.078 0.092 0.052 0.048 0.016 0.034 0.46
 0.156 0.052 0.112 0.07 0.04 0.058 0.016 0.028 0.468
 0.172 0.06 0.076 0.056 0.05 0.048 0.014 0.026 0.498
 0.21 0.08 0.086 0.068 0.036 0.042 0.026 0.03 0.422
 0.17 0.098 0.102 0.064 0.038 0.07 0.026 0.034 0.398
 0.192 0.046 0.082 0.078 0.044 0.06 0.022 0.032 0.444
 0.198 0.072 0.094 0.062 0.036 0.05 0.028 0.032 0.428
 0.184 0.064 0.078 0.076 0.046 0.054 0.034 0.034 0.43
 0.158 0.068 0.1 0.072 0.064 0.054 0.03 0.034 0.42
 0.214 0.08 0.068 0.06 0.054 0.046 0.022 0.018 0.438
 0.184 0.054 0.086 0.076 0.032 0.048 0.014 0.04 0.466
 0.048 0 0.06 0.016 0.058 0.022 0.014 0.04 0.742
 0.05 0.008 0.094 0.062 0.05 0.046 0.024 0.046 0.62
 0.094 0.016 0.09 0.066 0.048 0.062 0.02 0.05 0.554
 0.16 0.046 0.096 0.07 0.044 0.052 0.016 0.034 0.482
 0.204 0.07 0.074 0.066 0.036 0.044 0.014 0.036 0.456
 0.194 0.07 0.082 0.054 0.034 0.046 0.02 0.024 0.476
 0.264 0.07 0.058 0.044 0.022 0.05 0.02 0.03 0.442
 0.242 0.102 0.084 0.068 0.038 0.048 0.008 0.04 0.37
 0.256 0.08 0.098 0.074 0.044 0.042 0.014 0.014 0.378
 0.236 0.088 0.098 0.068 0.032 0.032 0.016 0.022 0.408
 0.268 0.094 0.092 0.068 0.04 0.038 0.02 0.014 0.366
 0.232 0.066 0.082 0.09 0.036 0.058 0.016 0.026 0.394
 0.258 0.086 0.072 0.076 0.034 0.03 0.016 0.038 0.39
 0.244 0.076 0.056 0.088 0.038 0.042 0.008 0.038 0.41
 0.236 0.076 0.088 0.068 0.048 0.052 0.002 0.034 0.396
 0.044 0 0.054 0.03 0.042 0.026 0.016 0.054 0.734
 0.056 0.01 0.076 0.06 0.064 0.048 0.018 0.046 0.622
 0.114 0.022 0.058 0.058 0.044 0.046 0.01 0.058 0.59
 0.18 0.034 0.088 0.06 0.02 0.036 0.014 0.044 0.524
 0.238 0.066 0.068 0.064 0.034 0.042 0.006 0.024 0.458
 0.226 0.072 0.092 0.078 0.032 0.046 0.012 0.042 0.4
 0.26 0.06 0.056 0.064 0.03 0.046 0.01 0.032 0.442
 0.266 0.072 0.078 0.06 0.032 0.042 0.012 0.022 0.416
 0.278 0.076 0.066 0.054 0.036 0.044 0.016 0.034 0.396
 0.224 0.066 0.078 0.086 0.026 0.062 0.012 0.04 0.406
 0.256 0.068 0.096 0.064 0.044 0.038 0.016 0.03 0.388
 0.244 0.084 0.082 0.068 0.028 0.044 0.008 0.038 0.404
 0.238 0.102 0.076 0.06 0.036 0.046 0.012 0.032 0.398
 0.23 0.086 0.074 0.07 0.028 0.058 0.014 0.022 0.418
 0.236 0.084 0.094 0.068 0.036 0.038 0.014 0.026 0.404
 0 0.01 0.002 0.034 0.006 0.056 0.01 0.064 0.818
 0.002 0.026 0.018 0.054 0.016 0.082 0.012 0.046 0.744
 0.012 0.05 0.012 0.084 0.01 0.078 0.014 0.054 0.686
 0.006 0.102 0.012 0.086 0.012 0.062 0.012 0.058 0.65
 0.01 0.152 0.018 0.108 0.012 0.072 0.01 0.034 0.584
 0.018 0.192 0.014 0.12 0.016 0.066 0.004 0.052 0.518
 0.022 0.194 0.014 0.106 0.004 0.058 0.004 0.032 0.566
 0.01 0.17 0.018 0.106 0.016 0.072 0.008 0.038 0.562
 0.016 0.186 0.012 0.106 0.016 0.058 0.016 0.034 0.556
 0.006 0.164 0.016 0.098 0.006 0.06 0.01 0.05 0.59
 0.016 0.184 0.016 0.094 0.024 0.072 0.004 0.04 0.55
 0.028 0.17 0.01 0.122 0.012 0.082 0.01 0.032 0.534
 0.016 0.194 0.012 0.12 0.01 0.062 0.012 0.042 0.532
 0.012 0.196 0.016 0.088 0.024 0.078 0.004 0.05 0.532
 0.014 0.174 0.018 0.096 0.008 0.074 0.012 0.04 0.564
 0 0.026 0.004 0.054 0.022 0.054 0.02 0.046 0.774
 0.002 0.022 0.008 0.084 0.012 0.062 0.012 0.034 0.764
 0.002 0.046 0.014 0.106 0.024 0.068 0.016 0.054 0.67
 0.014 0.106 0.012 0.128 0.028 0.072 0.018 0.042 0.58
 0.018 0.15 0.01 0.088 0.022 0.06 0.024 0.036 0.592
 0.026 0.212 0.016 0.102 0.02 0.056 0.01 0.044 0.514
 0.03 0.18 0.02 0.106 0.014 0.082 0.008 0.05 0.51
 0.014 0.184 0.022 0.132 0.024 0.044 0.012 0.054 0.514
 0.016 0.19 0.022 0.112 0.028 0.064 0.016 0.036 0.516
 0.018 0.2 0.026 0.128 0.028 0.066 0.014 0.046 0.474
 0.022 0.214 0.012 0.114 0.02 0.076 0.006 0.04 0.496
 0.018 0.202 0.02 0.122 0.016 0.08 0.008 0.04 0.494
 0.02 0.218 0.018 0.094 0.022 0.082 0.014 0.034 0.498
 0.024 0.212 0.026 0.096 0.022 0.068 0.012 0.022 0.518
 0.014 0.192 0.022 0.134 0.024 0.062 0.012 0.03 0.51
 0 0.008 0.014 0.06 0.024 0.066 0.01 0.058 0.76
 0.004 0.016 0.028 0.08 0.022 0.07 0.02 0.074 0.686
 0.01 0.06 0.034 0.116 0.026 0.094 0.01 0.052 0.598
 0.012 0.132 0.032 0.106 0.014 0.072 0.018 0.06 0.554
 0.016 0.164 0.024 0.114 0.028 0.084 0.016 0.046 0.508
 0.022 0.2 0.028 0.144 0.014 0.09 0.008 0.034 0.46
 0.022 0.23 0.042 0.116 0.02 0.074 0.008 0.052 0.436
 0.036 0.204 0.034 0.114 0.018 0.078 0.018 0.012 0.486
 0.032 0.19 0.048 0.128 0.02 0.078 0.006 0.04 0.458
 0.034 0.174 0.02 0.108 0.018 0.072 0.006 0.034 0.534
 0.02 0.204 0.032 0.106 0.024 0.062 0.012 0.042 0.498
 0.024 0.224 0.028 0.14 0.016 0.078 0.01 0.034 0.446
 0.03 0.204 0.042 0.122 0.02 0.08 0.008 0.046 0.448
 0.03 0.2 0.04 0.128 0.02 0.082 0.012 0.052 0.436
 0.026 0.222 0.024 0.114 0.028 0.054 0.008 0.036 0.488
 0 0.014 0.012 0.072 0.02 0.074 0.01 0.046 0.752
 0.006 0.024 0.026 0.088 0.026 0.06 0.016 0.052 0.702
 0.028 0.05 0.03 0.102 0.02 0.06 0.008 0.054 0.648
 0.02 0.14 0.026 0.12 0.02 0.064 0.006 0.034 0.57
 0.018 0.174 0.024 0.15 0.008 0.058 0.012 0.036 0.52
 0.042 0.238 0.024 0.144 0.02 0.06 0.008 0.036 0.428
 0.014 0.242 0.014 0.12 0.02 0.068 0.01 0.034 0.478
 0.034 0.222 0.024 0.122 0.016 0.062 0.016 0.046 0.458
 0.028 0.246 0.034 0.112 0.018 0.064 0.006 0.046 0.446
 0.028 0.262 0.024 0.144 0.022 0.054 0.018 0.032 0.416
 0.04 0.264 0.03 0.086 0.028 0.058 0.008 0.026 0.46
 0.03 0.258 0.028 0.11 0.016 0.078 0.004 0.032 0.444
 0.018 0.218 0.04 0.156 0.016 0.068 0.008 0.044 0.432
 0.028 0.252 0.026 0.14 0.022 0.076 0.008 0.032 0.416
 0.038 0.284 0.02 0.114 0.012 0.064 0.008 0.036 0.424
 0 0.014 0.002 0.072 0.014 0.07 0.018 0.062 0.748
 0.004 0.03 0.02 0.068 0.018 0.07 0.02 0.076 0.694
 0.008 0.07 0.03 0.086 0.02 0.082 0.01 0.052 0.642
 0.022 0.13 0.026 0.126 0.022 0.088 0.008 0.06 0.518
 0.03 0.196 0.032 0.126 0.018 0.06 0.006 0.062 0.47
 0.028 0.192 0.028 0.134 0.026 0.084 0.016 0.046 0.446
 0.04 0.198 0.028 0.132 0.014 0.058 0.008 0.042 0.48
 0.032 0.242 0.018 0.144 0.016 0.058 0.014 0.056 0.42
 0.036 0.22 0.024 0.134 0.016 0.064 0.012 0.066 0.428
 0.042 0.214 0.024 0.138 0.028 0.066 0.002 0.074 0.412
 0.034 0.262 0.02 0.146 0.014 0.07 0.01 0.042 0.402
 0.032 0.216 0.024 0.156 0.026 0.064 0.006 0.044 0.432
 0.03 0.232 0.038 0.106 0.022 0.078 0.004 0.04 0.45
 0.03 0.27 0.012 0.114 0.016 0.06 0.01 0.048 0.44
 0.032 0.282 0.014 0.128 0.01 0.046 0.01 0.044 0.434
#init_abund
 1562.5 1246.43 994.303 793.174 632.729 504.739 402.64 321.193 256.222 204.393 163.048 130.066 103.756 82.7681 66.0256
 0 0 0 0 0 0 0 0 0 0 0 0 0 0 0
 0 0 0 0 0 0 0 0 0 0 0 0 0 0 0
 1562.5 1246.43 994.303 793.174 632.729 504.739 402.64 321.193 256.222 204.393 163.048 130.066 103.756 82.7681 66.0256

#input_M
 0.226 0.226 0.226 0.226 0.226 0.226 0.226 0.226 0.226 0.226 0.226 0.226 0.226 0.226 0.226
 0.226 0.226 0.226 0.226 0.226 0.226 0.226 0.226 0.226 0.226 0.226 0.226 0.226 0.226 0.226
#q_survey
 0.8
 0.8
#sel_beta1
 0.9
 1.1
#sel_beta2
 3.5
 4
#sel_beta3
 -0.6
 -0.6
#sel_beta4
 20
 20
#sel_beta1_survey
 0.9
 0.9
#sel_beta2_survey
 5
 5
#sel_beta3_survey
 -0.6
 -0.6
#sel_beta4_survey
 20
 20
#steep
 0.814 0.814
#R_ave
 39.4487 39.4487
#SSB_zero
 35.0875 35.0875
#rec_devs
 0.434782 0.979982 0.7894 1.51289 1.156 0.759844 0.62218 0.967291 1.02924 0.951113 1.41881 1.23422 0.637419 1.07427 0.829338 0.969505 0.711186 1.16766 0.910461 0.557149 1.34496 0.775495 1.10046 0.958638 0.479097 0.452657 0.822768 0.981104 0.785952 0.913807 1.09006 1.3357 0.616647 0.914197 2.0758 0.944989 1.1934 1.36966 0.699173 0.664024
 1.04416 0.632524 0.634414 1.19567 1.28627 0.43019 0.509861 1.27214 1.32591 0.439344 0.459565 0.405283 1.3954 0.8987 0.958108 1.87958 0.531315 1.2762 1.88666 0.996252 1.36876 1.05105 0.616707 0.742708 0.973352 0.945963 1.24352 1.05402 0.523469 1.19985 0.450353 0.764584 1.17555 1.23881 1.0844 0.76537 1.66787 0.637196 1.14196 0.674802
#Rec_Prop
 0.6 0.6 0.6 0.6 0.6 0.6 0.6 0.6 0.6 0.6 0.6 0.6 0.6 0.6 0.6 0.6 0.6 0.6 0.6 0.6 0.6 0.6 0.6 0.6 0.6 0.6 0.6 0.6 0.6 0.6 0.6 0.6 0.6 0.6 0.6 0.6 0.6 0.6 0.6 0.6
 0.4 0.4 0.4 0.4 0.4 0.4 0.4 0.4 0.4 0.4 0.4 0.4 0.4 0.4 0.4 0.4 0.4 0.4 0.4 0.4 0.4 0.4 0.4 0.4 0.4 0.4 0.4 0.4 0.4 0.4 0.4 0.4 0.4 0.4 0.4 0.4 0.4 0.4 0.4 0.4
#recruits_BM
 1562.5 23.1954 18.6845 35.809 27.3617 17.9849 14.7265 22.895 24.3613 22.5121 33.5822 29.2129 15.0872 25.427 19.6298 22.9474 16.8332 27.6375 21.5499 13.1873 31.834 18.3553 26.0469 22.6902 11.3398 10.714 19.4742 23.2219 18.6028 21.6291 25.8009 31.6149 14.5955 21.6383 49.1325 22.3671 28.2469 32.4188 16.5489 15.7169
 1562.5 9.98089 10.0107 18.8671 20.2967 6.78817 8.04533 20.0736 20.9221 6.93261 7.25169 6.39515 22.0187 14.181 15.1184 29.6587 8.38386 20.1378 29.7705 15.7203 21.5983 16.5849 9.73131 11.7195 15.359 14.9268 19.6221 16.6319 8.26006 18.933 7.10632 12.0647 18.5496 19.5478 17.1112 12.0771 26.3181 10.0546 18.0195 10.648
#F
 0.0190699 0.0411741 0.0778722 0.122128 0.158826 0.18093 0.191782 0.196575 0.198593 0.199426 0.199766 0.199905 0.199961 0.199984 0.199994
 0.0205463 0.0443617 0.083901 0.131583 0.171122 0.194938 0.206629 0.211794 0.213968 0.214865 0.215232 0.215381 0.215442 0.215467 0.215477
 0.022674 0.0489557 0.0925894 0.145209 0.188843 0.215125 0.228027 0.233726 0.236126 0.237116 0.23752 0.237685 0.237752 0.23778 0.237791
 0.0238183 0.0514264 0.0972624 0.152538 0.198374 0.225982 0.239535 0.245522 0.248043 0.249083 0.249508 0.249681 0.249752 0.24978 0.249792
 0.0324668 0.0700995 0.132579 0.207925 0.270404 0.308036 0.326511 0.334672 0.338108 0.339525 0.340105 0.340341 0.340437 0.340476 0.340492
 0.0374464 0.0808512 0.152913 0.239815 0.311877 0.355282 0.376591 0.386003 0.389966 0.391601 0.392269 0.392542 0.392652 0.392698 0.392716
 0.0455595 0.0983681 0.186043 0.291773 0.379447 0.432256 0.458181 0.469633 0.474455 0.476443 0.477257 0.477588 0.477723 0.477778 0.4778
 0.0461698 0.0996858 0.188535 0.295682 0.384531 0.438047 0.464319 0.475925 0.480811 0.482826 0.48365 0.483986 0.484123 0.484178 0.484201
 0.0494453 0.106758 0.201911 0.316659 0.411811 0.469124 0.497261 0.50969 0.514922 0.51708 0.517963 0.518323 0.518469 0.518529 0.518553
 0.0364735 0.0787504 0.14894 0.233584 0.303774 0.346051 0.366806 0.375974 0.379834 0.381426 0.382077 0.382342 0.38245 0.382494 0.382512
 0.0387008 0.0835594 0.158035 0.247848 0.322324 0.367183 0.389205 0.398933 0.403029 0.404718 0.405409 0.40569 0.405805 0.405852 0.40587
 0.0309996 0.0669317 0.126587 0.198528 0.258184 0.294116 0.311756 0.319548 0.322829 0.324182 0.324736 0.324961 0.325053 0.32509 0.325105
 0.0531887 0.11484 0.217197 0.340632 0.442988 0.50464 0.534907 0.548276 0.553905 0.556227 0.557176 0.557563 0.557721 0.557785 0.557811
 0.0401737 0.0867395 0.16405 0.257281 0.334591 0.381157 0.404018 0.414116 0.418367 0.420121 0.420838 0.42113 0.421249 0.421298 0.421317
 0.060901 0.131492 0.24869 0.390024 0.507222 0.577813 0.612468 0.627777 0.634221 0.63688 0.637967 0.63841 0.63859 0.638664 0.638693
 0.0955782 0.206364 0.390295 0.612104 0.796035 0.906821 0.961209 0.985234 0.995349 0.999521 1.00123 1.00192 1.00221 1.00232 1.00237
 0.0528164 0.114037 0.215676 0.338248 0.439887 0.501108 0.531163 0.544439 0.550028 0.552333 0.553276 0.55366 0.553817 0.55388 0.553906
 0.0891534 0.192492 0.364059 0.570958 0.742525 0.845864 0.896596 0.919006 0.928441 0.932332 0.933924 0.934572 0.934836 0.934944 0.934987
 0.0718715 0.155179 0.293488 0.460281 0.59859 0.681898 0.722796 0.740862 0.748467 0.751605 0.752888 0.75341 0.753623 0.75371 0.753745
 0.0639966 0.138176 0.261331 0.409849 0.533004 0.607183 0.6436 0.659686 0.666459 0.669252 0.670395 0.67086 0.67105 0.671127 0.671158
 0.0659555 0.142405 0.26933 0.422393 0.549318 0.625768 0.6633 0.679878 0.686858 0.689737 0.690914 0.691394 0.69159 0.691669 0.691701
 0.0620871 0.134053 0.253534 0.39762 0.5171 0.589066 0.624397 0.640003 0.646573 0.649284 0.650392 0.650844 0.651027 0.651102 0.651133
 0.0633125 0.136699 0.258537 0.405467 0.527306 0.600692 0.63672 0.652634 0.659334 0.662098 0.663228 0.663689 0.663876 0.663952 0.663983
 0.0583412 0.125965 0.238237 0.37363 0.485902 0.553526 0.586725 0.60139 0.607564 0.61011 0.611152 0.611576 0.611749 0.611819 0.611848
 0.0577826 0.124759 0.235956 0.370053 0.48125 0.548226 0.581107 0.595632 0.601746 0.604269 0.6053 0.605721 0.605892 0.605961 0.60599
 0.046215 0.0997834 0.188719 0.295971 0.384907 0.438476 0.464774 0.476391 0.481281 0.483299 0.484124 0.48446 0.484597 0.484652 0.484675
 0.0554934 0.119817 0.226608 0.355392 0.462183 0.526507 0.558085 0.572034 0.577906 0.580329 0.581319 0.581723 0.581887 0.581954 0.581981
 0.0527204 0.113829 0.215285 0.337633 0.439089 0.500198 0.530198 0.54345 0.549029 0.55133 0.552271 0.552655 0.552811 0.552874 0.5529
 0.0386643 0.0834806 0.157886 0.247615 0.32202 0.366837 0.388838 0.398557 0.402649 0.404337 0.405027 0.405308 0.405423 0.405469 0.405488
 0.0395866 0.0854721 0.161653 0.253522 0.329702 0.375588 0.398114 0.408065 0.412254 0.413982 0.414689 0.414977 0.415094 0.415142 0.415161
 0.0406461 0.0877595 0.165979 0.260306 0.338526 0.385639 0.408769 0.418985 0.423287 0.425061 0.425787 0.426082 0.426203 0.426252 0.426271
 0.0537873 0.116133 0.219641 0.344466 0.447974 0.51032 0.540927 0.554447 0.560139 0.562487 0.563447 0.563838 0.563998 0.564062 0.564089
 0.039637 0.0855807 0.161858 0.253844 0.330121 0.376065 0.39862 0.408584 0.412778 0.414508 0.415216 0.415504 0.415622 0.415669 0.415689
 0.0360089 0.0777473 0.147043 0.230609 0.299904 0.341643 0.362133 0.371185 0.374995 0.376567 0.37721 0.377472 0.377578 0.377622 0.377639
 0.0409939 0.0885105 0.167399 0.262534 0.341423 0.388939 0.412267 0.422571 0.426909 0.428698 0.42943 0.429728 0.42985 0.429899 0.429919
 0.039946 0.086248 0.16312 0.255823 0.332695 0.378997 0.401728 0.411769 0.415997 0.41774 0.418453 0.418744 0.418862 0.41891 0.41893
 0.0190699 0.0411741 0.0778722 0.122128 0.158826 0.18093 0.191782 0.196575 0.198593 0.199426 0.199766 0.199905 0.199961 0.199984 0.199994
 0.0432091 0.0932933 0.176445 0.276721 0.359872 0.409956 0.434544 0.445405 0.449978 0.451864 0.452635 0.45295 0.453078 0.45313 0.453151
 0.0178476 0.038535 0.0728809 0.1143 0.148646 0.169333 0.179489 0.183976 0.185864 0.186643 0.186962 0.187092 0.187145 0.187166 0.187175
 0.00301524 0.00651024 0.0123128 0.0193103 0.0251128 0.0286078 0.0303236 0.0310815 0.0314006 0.0315322 0.031586 0.031608 0.0316169 0.0316205 0.031622
 0.0088928 0.0249376 0.062435 0.125 0.187565 0.225062 0.241107 0.246968 0.248982 0.24966 0.249887 0.249962 0.249987 0.249996 0.249999
 0.00940386 0.0263708 0.066023 0.132184 0.198344 0.237996 0.254963 0.261161 0.263291 0.264008 0.264248 0.264327 0.264354 0.264363 0.264366
 0.0103585 0.0290478 0.0727253 0.145602 0.218479 0.262156 0.280846 0.287672 0.290019 0.290809 0.291072 0.29116 0.29119 0.291199 0.291203
 0.0105564 0.0296027 0.0741148 0.148384 0.222653 0.267165 0.286211 0.293168 0.29556 0.296365 0.296633 0.296723 0.296753 0.296763 0.296766
 0.0103469 0.0290153 0.0726441 0.14544 0.218235 0.261864 0.280532 0.287351 0.289695 0.290484 0.290748 0.290835 0.290865 0.290874 0.290878
 0.0111968 0.0313986 0.0786111 0.157386 0.236161 0.283373 0.303575 0.310954 0.313491 0.314344 0.314629 0.314724 0.314756 0.314766 0.31477
 0.0123137 0.0345306 0.0864523 0.173085 0.259717 0.311639 0.333856 0.341971 0.344761 0.345699 0.346013 0.346117 0.346152 0.346164 0.346168
 0.0126344 0.03543 0.0887042 0.177593 0.266482 0.319756 0.342552 0.350878 0.353741 0.354704 0.355025 0.355133 0.355168 0.35518 0.355184
 0.0121525 0.0340786 0.0853206 0.170819 0.256317 0.307559 0.329485 0.337494 0.340247 0.341174 0.341483 0.341586 0.341621 0.341632 0.341636
 0.0135473 0.0379899 0.0951133 0.190425 0.285736 0.342859 0.367302 0.37623 0.379299 0.380332 0.380677 0.380792 0.38083 0.380843 0.380847
 0.0126029 0.0353417 0.088483 0.17715 0.265818 0.318959 0.341698 0.350003 0.352859 0.353819 0.35414 0.354247 0.354283 0.354295 0.354299
 0.0164651 0.0461723 0.115599 0.231439 0.347279 0.416706 0.446413 0.457264 0.460994 0.462249 0.462669 0.462808 0.462855 0.46287 0.462875
 0.0144928 0.0406414 0.101752 0.203715 0.305679 0.366789 0.392938 0.402489 0.405772 0.406877 0.407246 0.407369 0.40741 0.407424 0.407428
 0.0159399 0.0446994 0.111911 0.224056 0.3362 0.403412 0.432172 0.442677 0.446288 0.447503 0.447909 0.448044 0.448089 0.448104 0.448109
 0.0159501 0.0447279 0.111983 0.224199 0.336415 0.40367 0.432448 0.44296 0.446573 0.447789 0.448195 0.44833 0.448376 0.448391 0.448396
 0.01587 0.0445033 0.111421 0.223073 0.334726 0.401643 0.430277 0.440736 0.444331 0.445541 0.445945 0.446079 0.446124 0.446139 0.446144
 0.0216299 0.0606556 0.15186 0.304037 0.456213 0.547418 0.586443 0.600698 0.605598 0.607247 0.607798 0.607982 0.608043 0.608063 0.60807
 0.01462 0.0409981 0.102645 0.205503 0.308362 0.370009 0.396387 0.406022 0.409334 0.410448 0.410821 0.410945 0.410986 0.411 0.411005
 0.0230447 0.0646231 0.161793 0.323924 0.486054 0.583224 0.624803 0.63999 0.645211 0.646967 0.647554 0.64775 0.647815 0.647837 0.647844
 0.0182759 0.0512502 0.128312 0.256892 0.385472 0.462534 0.495508 0.507553 0.511693 0.513086 0.513552 0.513707 0.513758 0.513776 0.513781
 0.0192854 0.054081 0.1354 0.271081 0.406763 0.488082 0.522878 0.535587 0.539956 0.541426 0.541918 0.542081 0.542136 0.542154 0.54216
 0.0187808 0.052666 0.131857 0.263989 0.39612 0.475311 0.509196 0.521573 0.525828 0.52726 0.527738 0.527897 0.527951 0.527968 0.527974
 0.0182462 0.0511668 0.128103 0.256474 0.384844 0.461781 0.494701 0.506726 0.51086 0.512251 0.512715 0.51287 0.512922 0.512939 0.512945
 0.0181975 0.0510303 0.127762 0.25579 0.383817 0.460549 0.493382 0.505374 0.509497 0.510884 0.511347 0.511502 0.511553 0.511571 0.511576
 0.0170267 0.047747 0.119542 0.239332 0.359123 0.430917 0.461638 0.472859 0.476716 0.478014 0.478448 0.478592 0.47864 0.478656 0.478662
 0.0163205 0.0457668 0.114584 0.229407 0.344229 0.413046 0.442493 0.453249 0.456946 0.45819 0.458606 0.458744 0.45879 0.458806 0.458811
 0.0168941 0.0473753 0.118611 0.237469 0.356327 0.427563 0.458044 0.469178 0.473005 0.474293 0.474724 0.474867 0.474915 0.474931 0.474936
 0.0164387 0.0460982 0.115414 0.231068 0.346722 0.416037 0.445697 0.45653 0.460254 0.461508 0.461926 0.462066 0.462112 0.462128 0.462133
 0.0154836 0.04342 0.108708 0.217643 0.326578 0.391866 0.419802 0.430007 0.433514 0.434694 0.435089 0.43522 0.435264 0.435279 0.435283
 0.0137993 0.0386966 0.0968826 0.193967 0.291052 0.349238 0.374135 0.383229 0.386355 0.387407 0.387759 0.387876 0.387915 0.387928 0.387932
 0.013464 0.0377564 0.0945288 0.189254 0.28398 0.340752 0.365045 0.373918 0.376968 0.377995 0.378338 0.378452 0.37849 0.378503 0.378507
 0.013253 0.0371646 0.0930471 0.186288 0.279529 0.335411 0.359323 0.368057 0.37106 0.37207 0.372407 0.37252 0.372557 0.37257 0.372574
 0.0132715 0.0372165 0.0931769 0.186548 0.279919 0.335879 0.359824 0.368571 0.371577 0.372589 0.372927 0.37304 0.373077 0.37309 0.373094
 0.00858673 0.0240793 0.0602861 0.120698 0.181109 0.217316 0.232809 0.238468 0.240413 0.241068 0.241286 0.241359 0.241383 0.241392 0.241394
 0.0107231 0.0300702 0.0752851 0.150727 0.226169 0.271384 0.290731 0.297798 0.300227 0.301045 0.301318 0.301409 0.301439 0.301449 0.301452
 0.00895509 0.0251123 0.0628723 0.125876 0.188879 0.226639 0.242796 0.248698 0.250727 0.251409 0.251637 0.251713 0.251739 0.251747 0.25175
 0.0101842 0.0285591 0.0715018 0.143153 0.214803 0.257746 0.276121 0.282833 0.28514 0.285916 0.286176 0.286262 0.286291 0.2863 0.286304
 0.0117029 0.0328178 0.082164 0.164499 0.246834 0.296181 0.317296 0.325008 0.327659 0.328552 0.32885 0.328949 0.328982 0.328993 0.328997
 0.0105471 0.0295767 0.0740496 0.148254 0.222457 0.26693 0.28596 0.292911 0.2953 0.296104 0.296373 0.296462 0.296492 0.296502 0.296505
 0.0118357 0.0331903 0.0830966 0.166366 0.249636 0.299543 0.320897 0.328697 0.331378 0.332281 0.332582 0.332683 0.332716 0.332727 0.332731
#Fyear
 0.2
 0.215484
 0.237798
 0.2498
 0.340503
 0.392728
 0.477815
 0.484216
 0.51857
 0.382524
 0.405883
 0.325116
 0.557829
 0.421331
 0.638714
 1.0024
 0.553924
 0.935017
 0.753769
 0.671179
 0.691723
 0.651153
 0.664005
 0.611867
 0.606009
 0.484691
 0.582
 0.552918
 0.405501
 0.415174
 0.426285
 0.564107
 0.415702
 0.377652
 0.429933
 0.418943
 0.2
 0.453165
 0.187181
 0.031623
 0.25
 0.264367
 0.291204
 0.296768
 0.290879
 0.314772
 0.346169
 0.355186
 0.341638
 0.380849
 0.354301
 0.462878
 0.40743
 0.448112
 0.448398
 0.446147
 0.608073
 0.411007
 0.647847
 0.513784
 0.542163
 0.527977
 0.512948
 0.511579
 0.478664
 0.458813
 0.474939
 0.462135
 0.435286
 0.387934
 0.378509
 0.372576
 0.373096
 0.241396
 0.301454
 0.251751
 0.286305
 0.328998
 0.296507
 0.332733
#biomass_AM
 2677.28 1946.53 1357.51 926.558 617.754 384.755 230.454 133.102 79.6475 49.9941 37.1972 29.1142 23.045 18.0644 16.3644 14.5452 12.6024 13.3058 12.9811 12.2553 13.1912 13.6521 13.8836 13.894 12.5147 10.6833 10.5542 11.3766 12.0548 12.7675 13.8451 15.2853 14.5245 14.1296 17.3776 18.868 18.7467 20.4767 18.7214 17.7545
 3937.02 3613.64 2962.91 2233.47 1579.34 1067.51 679.081 414.019 248.934 153.516 95.8145 64.1807 44.8627 36.094 31.0024 29.3594 27.8228 25.2112 26.9653 26.4759 26.4669 26.6202 25.4293 24.0834 23.2664 22.5521 22.195 22.282 22.1068 22.6043 23.1037 23.1824 24.5778 25.9882 28.2413 30.2509 32.982 34.6314 34.3749 33.8925
#biomass_population
 2677.28 1946.53 1357.51 926.558 617.754 384.755 230.454 133.102 79.6475 49.9941 37.1972 29.1142 23.045 18.0644 16.3644 14.5452 12.6024 13.3058 12.9811 12.2553 13.1912 13.6521 13.8836 13.894 12.5147 10.6833 10.5542 11.3766 12.0548 12.7675 13.8451 15.2853 14.5245 14.1296 17.3776 18.868 18.7467 20.4767 18.7214 17.7545
 3937.02 3613.64 2962.91 2233.47 1579.34 1067.51 679.081 414.019 248.934 153.516 95.8145 64.1807 44.8627 36.094 31.0024 29.3594 27.8228 25.2112 26.9653 26.4759 26.4669 26.6202 25.4293 24.0834 23.2664 22.5521 22.195 22.282 22.1068 22.6043 23.1037 23.1824 24.5778 25.9882 28.2413 30.2509 32.982 34.6314 34.3749 33.8925
#harvest_rate_region_bio
 0.118649 0.129122 0.152551 0.172597 0.239699 0.27778 0.328521 0.328206 0.332902 0.242628 0.230659 0.169084 0.253333 0.182341 0.241065 0.316767 0.184907 0.274682 0.22287 0.212392 0.209486 0.199658 0.205487 0.194144 0.20854 0.186241 0.209316 0.178184 0.133242 0.141683 0.144142 0.177699 0.143646 0.139482 0.138383 0.136259 0.0749214 0.164523 0.0772403 0.0151734
 0.138493 0.147622 0.174077 0.195425 0.208384 0.232716 0.256089 0.26126 0.247892 0.262483 0.237137 0.281052 0.225775 0.216819 0.197005 0.175595 0.215086 0.151446 0.21267 0.163839 0.17799 0.177758 0.182483 0.191087 0.181461 0.174755 0.177278 0.165256 0.156015 0.143875 0.147206 0.149987 0.144985 0.0957182 0.12053 0.101405 0.115087 0.13612 0.12836 0.149637
#depletion_region
 1 0.727053 0.507047 0.346082 0.230739 0.143711 0.0860777 0.0497155 0.0297494 0.0186734 0.0138937 0.0108745 0.0086076 0.00674727 0.00611233 0.00543283 0.00470716 0.00496988 0.00484861 0.00457751 0.00492708 0.00509926 0.0051857 0.0051896 0.0046744 0.00399034 0.00394212 0.00424933 0.00450261 0.00476884 0.00517132 0.00570924 0.00542509 0.00527758 0.00649078 0.00704745 0.00700212 0.00764831 0.00699271 0.00663153
 1 0.917863 0.752577 0.5673 0.401151 0.271146 0.172486 0.105161 0.063229 0.0389929 0.0243368 0.0163019 0.0113951 0.00916787 0.0078746 0.00745728 0.00706698 0.00640363 0.00684917 0.00672486 0.00672259 0.0067615 0.00645904 0.00611718 0.00590964 0.00572821 0.00563752 0.00565961 0.00561511 0.00574149 0.00586832 0.00588831 0.00624274 0.006601 0.00717327 0.00768371 0.00837742 0.00879635 0.00873121 0.00860867
#SSB_region
 1009.53 750.205 580.299 420.973 294.558 188.022 111.787 63.3084 36.1556 21.1159 14.1727 9.71979 7.45872 5.32908 4.4028 3.64662 2.86612 2.9982 2.66882 2.77631 2.8748 2.82464 3.08973 3.04118 3.06872 2.9261 2.68738 2.4403 2.57826 2.92333 3.06682 3.2626 3.31288 3.55078 3.58521 3.87919 4.56803 4.99689 4.88948 5.27682
 1514.3 1424.62 1276.11 1021.06 759.943 528.369 335.199 202.837 119.575 71.932 43.8164 28.1632 17.9954 13.1644 10.6436 9.19121 8.32722 7.80568 7.57914 7.17443 7.71091 7.56556 7.81437 7.65531 7.27311 7.05384 6.78316 6.47166 6.6015 6.91851 7.13936 7.53985 7.55771 7.87681 8.74989 9.29623 10.448 11.0878 11.5253 11.7626
#Bratio_population
 28.7719 21.381 16.5386 11.9978 8.39496 5.35867 3.18594 1.8043 1.03044 0.601806 0.403924 0.277016 0.212575 0.15188 0.125481 0.103929 0.0816849 0.0854492 0.0760619 0.0791254 0.0819323 0.0805027 0.0880579 0.0866741 0.0874591 0.0833943 0.0765907 0.0695491 0.073481 0.0833153 0.0874049 0.0929846 0.0944176 0.101198 0.102179 0.110558 0.13019 0.142412 0.139351 0.15039
 43.1578 40.6018 36.3692 29.1004 21.6585 15.0586 9.55322 5.78088 3.4079 2.05007 1.24878 0.802657 0.512871 0.375188 0.303345 0.261951 0.237327 0.222463 0.216007 0.204473 0.219762 0.21562 0.222711 0.218178 0.207285 0.201036 0.193321 0.184443 0.188144 0.197179 0.203473 0.214887 0.215396 0.22449 0.249373 0.264944 0.29777 0.316003 0.328474 0.335236
#T_year
 0.7
 0.3
 0.7
 0.3
 0.7
 0.3
 0.7
 0.3
 0.7
 0.3
 0.7
 0.3
 0.7
 0.3
 0.7
 0.3
 0.7
 0.3
 0.7
 0.3
 0.7
 0.3
 0.7
 0.3
 0.7
 0.3
 0.7
 0.3
 0.7
 0.3
 0.7
 0.3
 0.7
 0.3
 0.7
 0.3
 0.7
 0.3
 0.7
 0.3
 0.7
 0.3
 0.7
 0.3
 0.7
 0.3
 0.7
 0.3
 0.7
 0.3
 0.7
 0.3
 0.7
 0.3
 0.7
 0.3
 0.7
 0.3
 0.7
 0.3
 0.7
 0.3
 0.7
 0.3
 0.7
 0.3
 0.7
 0.3
 0.7
 0.3
 0.7
 0.3
 0.7
 0.3
 0.7
 0.3
 0.7
 0.3
 0.7
 0.3
 0.1
 0.9
 0.1
 0.9
 0.1
 0.9
 0.1
 0.9
 0.1
 0.9
 0.1
 0.9
 0.1
 0.9
 0.1
 0.9
 0.1
 0.9
 0.1
 0.9
 0.1
 0.9
 0.1
 0.9
 0.1
 0.9
 0.1
 0.9
 0.1
 0.9
 0.1
 0.9
 0.1
 0.9
 0.1
 0.9
 0.1
 0.9
 0.1
 0.9
 0.1
 0.9
 0.1
 0.9
 0.1
 0.9
 0.1
 0.9
 0.1
 0.9
 0.1
 0.9
 0.1
 0.9
 0.1
 0.9
 0.1
 0.9
 0.1
 0.9
 0.1
 0.9
 0.1
 0.9
 0.1
 0.9
 0.1
 0.9
 0.1
 0.9
 0.1
 0.9
 0.1
 0.9
 0.1
 0.9
 0.1
 0.9
 0.1
 0.9
#selectivity_age
 0.0953495
 0.20587
 0.389361
 0.610639
 0.79413
 0.904651
 0.958909
 0.982876
 0.992966
 0.997128
 0.99883
 0.999524
 0.999806
 0.999921
 0.999968
 0.0355712
 0.0997505
 0.24974
 0.5
 0.75026
 0.90025
 0.964429
 0.987872
 0.99593
 0.998641
 0.999547
 0.999849
 0.99995
 0.999983
 0.999994
#survey_selectivity_age
 0.026597
 0.0629734
 0.141851
 0.28905
 0.5
 0.71095
 0.858149
 0.937027
 0.973403
 0.989013
 0.995504
 0.998167
 0.999254
 0.999697
 0.999877
 0.026597
 0.0629734
 0.141851
 0.28905
 0.5
 0.71095
 0.858149
 0.937027
 0.973403
 0.989013
 0.995504
 0.998167
 0.999254
 0.999697
 0.999877
#debug
1541
