#nages
5
#nyrs
10
#npops
1
#nregions
 2
#nfleets
 1
#nfleets_survey
 1
#tsurvey
 0 0
#larval_move_switch
0
#move_switch
1
#natal_homing_switch
0
#spawn_return_switch
0
#select_switch
1
#maturity_switch_equil
0
#SSB_type
2
#Rec_type
1
#apportionment_type
1
#use_stock_comp_info_survey
0
#use_stock_comp_info_catch
0
#F_switch
1
#recruit_devs_switch
1
#recruit_randwalk_switch
0
#tspawn
 0
#return_age
4
#return_probability
 1
#spawn_return_prob
 1
#do_tag
1
#do_tag_mult
1
#sigma_recruit
 0.6
#ph_lmr
1
#ph_rec
2
#ph_F
3
#ph_steep
-1
#ph_M
-1
#ph_sel_log
4
#ph_sel_log_surv
4
#ph_sel_dubl
-1
#ph_q
4
#ph_F_rho
-1
#ph_T_pop
-5
#ph_T_reg
-5
#ph_dummy
-1
#wt_surv
1
#wt_catch
1
#wt_fish_age
1
#wt_srv_age
1
#wt_rec
1
#wt_tag
0
#input_Rec_prop
 0.6 0.4
#input_weight
 0.1196 0.462921 0.944268 1.46687 1.96493
 0.1196 0.462921 0.944268 1.46687 1.96493
#input_catch_weight
 0.1196 0.462921 0.944268 1.46687 1.96493
 0.1196 0.462921 0.944268 1.46687 1.96493
#fecundity
 0 0.25 0.5 1 1
 0 0.25 0.5 1 1
#maturity
 0.05 0.2 0.5 0.95 1
 0.05 0.2 0.5 0.95 1
#prop_fem
 0.5 0.5
#OBS_rec_index_BM
 109433 200292 66097.2 45220.2 32520.1 461114 35644.5 13114.7 152093 42544.7
 64133.1 321270 95075.6 46823.9 47266.6 313473 30068.4 29899.4 57611.1 48473.6
#OBS_survey_fleet_bio
 2.07241
 3.77524
 5.18354
 5.2834
 4.7636
 4.26835
 8.01
 5.9859
 7.59734
 5.03595
 2.61279
 3.67264
 7.40953
 8.14943
 7.25976
 7.2473
 10.0086
 5.82874
 12.5286
 7.6597
#OBS_survey_fleet_bio_se
 0.2
 0.2
 0.2
 0.2
 0.2
 0.2
 0.2
 0.2
 0.2
 0.2
 0.2
 0.2
 0.2
 0.2
 0.2
 0.2
 0.2
 0.2
 0.2
 0.2

#OBS_survey_prop
 0.44 0.38 0.1 0.07 0.01
 0.58 0.26 0.12 0.03 0.01
 0.24 0.52 0.15 0.08 0.01
 0.1 0.24 0.52 0.1 0.04
 0.31 0.15 0.2 0.28 0.06
 0.62 0.13 0.07 0.08 0.1
 0.1 0.68 0.06 0.07 0.09
 0.06 0.03 0.81 0.04 0.06
 0.35 0.06 0.03 0.46 0.1
 0.3 0.35 0.07 0.01 0.27
 0.4 0.4 0.08 0.09 0.03
 0.49 0.23 0.23 0.02 0.03
 0.09 0.47 0.28 0.15 0.01
 0.04 0.21 0.54 0.14 0.07
 0.15 0.15 0.22 0.37 0.11
 0.51 0.17 0.14 0.13 0.05
 0.07 0.75 0.13 0.01 0.04
 0.02 0.09 0.77 0.05 0.07
 0.13 0.04 0.12 0.64 0.07
 0.19 0.32 0.04 0.07 0.38
#OBS_survey_prop_N
 50
 50
 50
 50
 50
 50
 50
 50
 50
 50
 50
 50
 50
 50
 50
 50
 50
 50
 50
 50

#OBS_yield_fleet
 7870.36
 12325
 20576.4
 21459.9
 19611.9
 18841.8
 25842.7
 27233.5
 22569.7
 18874.1
 9573.22
 14011.2
 22388
 27532.9
 26706.9
 20889.7
 25617.1
 32476.6
 30161.3
 22826.9
#OBS_yield_fleet_se
 0.05
 0.05
 0.05
 0.05
 0.05
 0.05
 0.05
 0.05
 0.05
 0.05
 0.05
 0.05
 0.05
 0.05
 0.05
 0.05
 0.05
 0.05
 0.05
 0.05

#OBS_catch_prop
 0.43 0.3 0.16 0.1 0.01
 0.6 0.24 0.13 0.02 0.01
 0.27 0.53 0.13 0.06 0.01
 0.17 0.15 0.5 0.1 0.08
 0.22 0.13 0.21 0.36 0.08
 0.65 0.13 0.06 0.08 0.08
 0.09 0.73 0.11 0.03 0.04
 0.1 0.15 0.61 0.07 0.07
 0.37 0.09 0.06 0.43 0.05
 0.3 0.45 0.04 0.02 0.19
 0.34 0.38 0.11 0.15 0.02
 0.43 0.31 0.2 0.04 0.02
 0.14 0.58 0.17 0.11 0
 0.14 0.24 0.41 0.12 0.09
 0.17 0.18 0.21 0.35 0.09
 0.61 0.14 0.08 0.06 0.11
 0.05 0.78 0.05 0.02 0.1
 0.03 0.1 0.73 0.1 0.04
 0.22 0.05 0.1 0.58 0.05
 0.19 0.39 0.06 0.09 0.27
#OBS_catch_prop_N
 100
 100
 100
 100
 100
 100
 100
 100
 100
 100
 100
 100
 100
 100
 100
 100
 100
 100
 100
 100

#nyrs_release
5
#years_of_tag_releases 
 1 3 5 7 9
#max_life_tags
4
#report_rate
 1 1
 1 1
 1 1
 1 1
 1 1
#ntags
 95.477 197.595 325.78 427.898 483.673
 146.394 302.972 499.516 656.094 741.613
 89.0955 184.389 304.005 399.298 451.345
 173.023 358.081 590.376 775.435 876.509
 107.704 222.899 367.498 482.694 545.611
 111.645 231.055 380.946 500.356 565.575
 168.532 348.788 575.054 755.309 853.76
 109.877 227.398 374.915 492.436 556.622
 192.957 399.336 658.395 864.774 977.493
 133.912 277.14 456.926 600.154 678.381
#ntags_total
 3320 5048.03 3189.38 5866.38 3872.92
#tag_N
 100 100 100 100 100
 100 100 100 100 100
 100 100 100 100 100
 100 100 100 100 100
 100 100 100 100 100
 100 100 100 100 100
 100 100 100 100 100
 100 100 100 100 100
 100 100 100 100 100
 100 100 100 100 100

#input_T
 0.675327 0.324673
 0.675327 0.324673
 0.675327 0.324673
 0.675327 0.324673
 0.675327 0.324673
 0.239022 0.760978
 0.239022 0.760978
 0.239022 0.760978
 0.239022 0.760978
 0.239022 0.760978


#OBS_tag_prop_final
 0.072 0 0.054 0.036 0.032 0.02 0.01 0.01 0.766
 0.096 0.034 0.064 0.056 0.024 0.03 0.006 0.012 0.678
 0.16 0.072 0.07 0.038 0.028 0.028 0.01 0.016 0.578
 0.194 0.088 0.076 0.04 0.02 0.024 0.002 0.006 0.55
 0.21 0.074 0.062 0.058 0.034 0.024 0.008 0.006 0.524
 0.076 0 0.046 0.018 0.026 0.018 0.006 0.008 0.802
 0.104 0.048 0.062 0.054 0.036 0.03 0.01 0.012 0.644
 0.134 0.082 0.06 0.064 0.022 0.024 0.012 0.01 0.592
 0.182 0.1 0.05 0.05 0.018 0.022 0.006 0.01 0.562
 0.182 0.08 0.058 0.07 0.026 0.028 0.002 0.012 0.542
 0.052 0 0.062 0.046 0.036 0.038 0.012 0.016 0.738
 0.076 0.044 0.048 0.06 0.018 0.034 0.01 0.022 0.688
 0.126 0.052 0.056 0.052 0.016 0.032 0.01 0.018 0.638
 0.178 0.094 0.076 0.044 0.024 0.022 0.008 0.012 0.542
 0.186 0.092 0.072 0.042 0.02 0.026 0.004 0.002 0.556
 0.076 0 0.064 0.032 0.016 0.03 0.018 0.01 0.754
 0.082 0.046 0.056 0.064 0.008 0.036 0.006 0.014 0.688
 0.158 0.076 0.076 0.068 0.018 0.02 0.002 0.02 0.562
 0.192 0.114 0.064 0.038 0.008 0.02 0.002 0.01 0.552
 0.188 0.092 0.062 0.076 0.012 0.028 0.004 0.008 0.53
 0.07 0 0.088 0.03 0 0 0 0 0.812
 0.094 0.04 0.084 0.048 0 0 0 0 0.734
 0.12 0.088 0.064 0.058 0 0 0 0 0.67
 0.172 0.116 0.062 0.052 0 0 0 0 0.598
 0.186 0.1 0.08 0.04 0 0 0 0 0.594
 0 0.064 0.024 0.064 0.018 0.036 0.012 0.016 0.766
 0.04 0.114 0.046 0.078 0.018 0.032 0.004 0.012 0.656
 0.054 0.172 0.04 0.078 0.022 0.03 0.004 0.012 0.588
 0.066 0.224 0.034 0.062 0.016 0.032 0.01 0.008 0.548
 0.064 0.262 0.03 0.09 0.02 0.038 0.01 0.002 0.484
 0 0.052 0.02 0.088 0.014 0.026 0.014 0.022 0.764
 0.028 0.084 0.038 0.082 0.022 0.026 0.016 0.006 0.698
 0.038 0.166 0.056 0.072 0.022 0.024 0.004 0.024 0.594
 0.064 0.184 0.034 0.08 0.018 0.026 0.006 0.006 0.582
 0.064 0.242 0.048 0.094 0.012 0.03 0.006 0.006 0.498
 0 0.068 0.03 0.07 0.022 0.026 0.012 0.028 0.744
 0.034 0.098 0.04 0.07 0.016 0.032 0.01 0.008 0.692
 0.062 0.2 0.034 0.078 0.014 0.026 0.01 0.012 0.564
 0.056 0.228 0.04 0.092 0.01 0.022 0.006 0.01 0.536
 0.064 0.214 0.042 0.086 0.008 0.036 0.014 0.002 0.534
 0 0.06 0.032 0.094 0.026 0.044 0.008 0.022 0.714
 0.028 0.106 0.04 0.082 0.02 0.032 0.006 0.008 0.678
 0.05 0.136 0.046 0.09 0.024 0.024 0.012 0.014 0.604
 0.09 0.23 0.022 0.062 0.018 0.024 0.01 0.006 0.538
 0.084 0.206 0.034 0.076 0.014 0.022 0.006 0.008 0.55
 0 0.068 0.016 0.078 0 0 0 0 0.838
 0.028 0.106 0.056 0.078 0 0 0 0 0.732
 0.046 0.15 0.038 0.082 0 0 0 0 0.684
 0.07 0.206 0.032 0.082 0 0 0 0 0.61
 0.064 0.236 0.034 0.068 0 0 0 0 0.598
#init_abund
 100000 50000 10000 5000 1000
 100000 50000 10000 5000 1000

#input_M
 0.5 0.5 0.5 0.5 0.5
#q_survey
 0.0001
 0.0001
#sel_beta1
 1
 1
#sel_beta2
 2.5
 2.5
#sel_beta3
 -0.6
 -0.6
#sel_beta4
 20
 20
#sel_beta1_survey
 1
 1
#sel_beta2_survey
 2.5
 2.5
#sel_beta3_survey
 -0.6
 -0.6
#sel_beta4_survey
 20
 20
#steep
 0.85
#R_ave
 162755
#SSB_zero
 99492.5
#rec_devs
 0.966501 2.93442 0.964932 0.518345 0.954688 4.847 0.474791 0.351244 1.37992 0.916539
#Rec_Prop
 0.6 0.6 0.6 0.6 0.6 0.6 0.6 0.6 0.6 0.6
 0.4 0.4 0.4 0.4 0.4 0.4 0.4 0.4 0.4 0.4
#recruits_BM
 100000 286555 94228.3 50617.9 93228.1 473324 46364.7 34300 134754 89502.7
 100000 191037 62818.9 33745.3 62152 315549 30909.8 22866.7 89835.7 59668.4
#F
 0.0912128 0.18877 0.31123 0.408787 0.462071
 0.0912128 0.18877 0.31123 0.408787 0.462071
 0.0912128 0.18877 0.31123 0.408787 0.462071
 0.0912128 0.18877 0.31123 0.408787 0.462071
 0.0912128 0.18877 0.31123 0.408787 0.462071
 0.0912128 0.18877 0.31123 0.408787 0.462071
 0.0912128 0.18877 0.31123 0.408787 0.462071
 0.0912128 0.18877 0.31123 0.408787 0.462071
 0.0912128 0.18877 0.31123 0.408787 0.462071
 0.0912128 0.18877 0.31123 0.408787 0.462071
 0.0912128 0.18877 0.31123 0.408787 0.462071
 0.0912128 0.18877 0.31123 0.408787 0.462071
 0.0912128 0.18877 0.31123 0.408787 0.462071
 0.0912128 0.18877 0.31123 0.408787 0.462071
 0.0912128 0.18877 0.31123 0.408787 0.462071
 0.0912128 0.18877 0.31123 0.408787 0.462071
 0.0912128 0.18877 0.31123 0.408787 0.462071
 0.0912128 0.18877 0.31123 0.408787 0.462071
 0.0912128 0.18877 0.31123 0.408787 0.462071
 0.0912128 0.18877 0.31123 0.408787 0.462071
#biomass_AM
 50260.2 88346.4 114258 108453 90687.4 123806 148131 130750 105643 89631.1
 57435.8 89909.2 122807 125254 105166 118346 156665 153664 122909 101051
#biomass_population
 107696 178256 237065 233707 195854 242152 304797 284415 228552 190682
#harvest_rate_region_bio
 0.156897 0.14433 0.167944 0.205975 0.220398 0.157044 0.16683 0.214216 0.226761 0.209645
 0.160332 0.162181 0.178695 0.213662 0.233385 0.184861 0.174743 0.218383 0.241387 0.226151
#depletion_region
 1 1.75778 2.27333 2.15783 1.80436 2.4633 2.94728 2.60147 2.10192 1.78334
 1 1.56539 2.13816 2.18077 1.83102 2.0605 2.72766 2.67541 2.13995 1.75937
#SSB_region
 8657.56 13178.9 21147.1 28555.5 30050.8 24190.4 26095.3 35460.2 38342.8 26329.7
 10223.5 16132 25555.5 35151.4 37928.3 29891.6 30457.3 43094.5 48667.9 33409.8
#Bratio_population
 0.189774 0.294604 0.469408 0.640318 0.683258 0.543578 0.568411 0.789554 0.874545 0.600442
#debug
1541
