#nages
15
#nyrs
40
#npops_EM
1
#nregions_EM
 1
#nfleets_EM
 1
#nfleets_survey_EM
 1
#npops_OM
2
#nregions_OM
 1 1
#nfleets_OM
 1 1
#nfleets_survey_OM
 1 1
#tsurvey_EM
 0
#larval_move_switch
0
#move_switch
0
#natal_homing_switch
0
#spawn_return_switch
0
#select_switch
1
#select_switch_survey
1
#maturity_switch_equil
0
#SSB_type
2
#Rec_type
1
#apportionment_type
1
#use_stock_comp_info_survey
0
#use_stock_comp_info_catch
0
#F_switch
1
#recruit_devs_switch
1
#recruit_randwalk_switch
0
#tspawn_EM
 0
#return_age
4
#return_probability
 1
#spawn_return_prob
 1
#do_tag
0
#do_tag_mult
1
#sigma_recruit_EM
 0.4
#ph_lmr
-1
#ph_rec
-2
#ph_abund_devs
-1
#ph_F
-3
#ph_steep
-1
#ph_M
-1
#ph_sel_log
-6
#lb_sel_beta1
-10
#ub_sel_beta1
-2
#lb_sel_beta2
-10
#ub_sel_beta2
-2
#ph_sel_log_surv
-5
#ph_sel_dubl
-1
#ph_sel_dubl_surv
-1
#ph_q
-1
#ph_F_rho
-1
#ph_T_YR
-5
#ph_T_CNST
-4
#ph_dummy
1
#wt_surv
1
#wt_catch
1
#wt_fish_age
1
#wt_srv_age
1
#wt_rec
1
#wt_tag
0
#abund_pen_switch
0
#move_pen_switch
1
#Tpen
-5
#Tpen2
1
#input_Rec_prop
1
#input_weight
 0.101 0.273 0.377 0.473 0.545 0.622 0.674 0.754 0.805 0.833 0.909 0.952 0.938 0.918 0.982
#input_catch_weight
 0.101 0.273 0.377 0.473 0.545 0.622 0.674 0.754 0.805 0.833 0.909 0.952 0.938 0.918 0.982
#fecundity
 0 0.12 0.54 0.71 0.87 1 1 1 1 1 1 1 1 1 1
#maturity
 0 0.12 0.54 0.71 0.87 1 1 1 1 1 1 1 1 1 1
#prop_fem
0.474662
#OBS_rec_index_BM
 1564.37 592.995 535.648 1022.27 966.759 430.245 431.291 906.017 947.924 497.963 697.975 623.596 865.12 751.126 712.732 1236.95 462.445 962.785 1226.32 673.623 1060.05 747.795 630.597 641.298 626.205 620.504 865.148 798.045 483.643 850.907 556.842 793.697 756.433 872.762 1195.46 648.442 1158.99 738.05 763.054 521.936
#OBS_survey_fleet
 3068.85 2599.24 2189.4 1829.8 1495.5 1213.66 986.796 797.932 691.535 589.256 528.213 472.219 447.186 400.691 377.152 364.542 360.25 367.063 368.949 370.857 368.052 373.658 380.697 383.554 373.341 360.635 345.658 341.381 339.654 352.538 363.698 377.654 392.014 423.797 449.646 462.207 518.335 574.59 606.337 626.232
#OBS_survey_fleet_bio_se_EM
 0.02
 0.02
 0.02
 0.02
 0.02
 0.02
 0.02
 0.02
 0.02
 0.02
 0.02
 0.02
 0.02
 0.02
 0.02
 0.02
 0.02
 0.02
 0.02
 0.02
 0.02
 0.02
 0.02
 0.02
 0.02
 0.02
 0.02
 0.02
 0.02
 0.02
 0.02
 0.02
 0.02
 0.02
 0.02
 0.02
 0.02
 0.02
 0.02
 0.02

#OBS_survey_prop
 0.0205 0.0218 0.0536 0.0876 0.1154 0.1148 0.1216 0.113 0.0868 0.0656 0.0568 0.0514 0.036 0.028 0.0282
 0.00764643 0.0397969 0.0582987 0.0817156 0.123191 0.121013 0.120961 0.092 0.097665 0.0652217 0.0528328 0.0373473 0.031389 0.0301804 0.042097
 0.00344557 0.0146308 0.0640291 0.100096 0.133788 0.136088 0.131996 0.0901676 0.0768919 0.0668925 0.0347847 0.0400539 0.0347926 0.0284233 0.0455226
 0.0240541 0.0217213 0.0321212 0.117161 0.168415 0.134539 0.124287 0.0940203 0.0671595 0.049808 0.0489019 0.0289015 0.023 0.0222594 0.0500306
 0.0230466 0.0340834 0.0362927 0.0530967 0.175708 0.145529 0.125 0.0918015 0.0678131 0.062245 0.0474357 0.037 0.0286141 0.0211777 0.0583704
 0.0187701 0.0434611 0.081495 0.0652878 0.0731653 0.203091 0.146992 0.0931443 0.0643505 0.0608301 0.0372716 0.0268151 0.03 0.0178149 0.048642
 0.0142441 0.0222481 0.0874706 0.14786 0.0856666 0.0951773 0.182787 0.113143 0.0760296 0.0513101 0.0368864 0.024678 0.0123799 0.014322 0.0455287
 0.0316387 0.0278058 0.0541192 0.152865 0.196182 0.0901284 0.0682073 0.105715 0.0797185 0.0525362 0.0352834 0.0242582 0.0190315 0.018 0.0537739
 0.0355475 0.0670573 0.0492056 0.0913615 0.19348 0.188857 0.0868515 0.0504951 0.0867663 0.0450106 0.0305044 0.0235112 0.0130135 0.0137516 0.0367715
 0.0445174 0.0744434 0.117498 0.0865893 0.112937 0.184 0.156323 0.049343 0.0244846 0.0517603 0.0363699 0.0230427 0.0165631 0.0110834 0.0365208
 0.0746932 0.0552757 0.143909 0.178389 0.109151 0.0827795 0.160719 0.0987474 0.0355628 0.0207692 0.0277555 0.017 0.0130687 0.00575563 0.0290669
 0.0724713 0.0854461 0.09894 0.20771 0.215791 0.106628 0.0717567 0.0812445 0.0395217 0.0238629 0.0125264 0.0160568 0.0108799 0.006 0.0182357
 0.0441779 0.0753162 0.14234 0.111122 0.230343 0.210371 0.0605918 0.0396743 0.0493726 0.0342261 0.0100998 0.004 0.0129834 0.00411963 0.010776
 0.0548687 0.0877046 0.122304 0.169952 0.121579 0.190242 0.147007 0.0393519 0.0208042 0.0370539 0.0137649 0.00653118 0.003 0.00293516 0.011364
 0.0550549 0.0814225 0.146716 0.181302 0.180438 0.120249 0.113654 0.0748422 0.0208743 0.0138799 0.016559 0.00789196 0.00144243 0.001 0.00733749
 0.0801043 0.0627462 0.145457 0.207772 0.159068 0.146879 0.0675102 0.0750278 0.0421306 0.00779692 0.00479765 0.0095975 0.004 0.00120086 0.00220069
 0.0514877 0.132166 0.122949 0.19197 0.198349 0.125808 0.0926836 0.0418353 0.0313675 0.0195689 0.00579784 0.00519315 0.00179889 0.000401999 0.00499593
 0.0666675 0.0604662 0.196375 0.178112 0.186893 0.168321 0.0707154 0.0433136 0.01922 0.0158169 0.00734791 0.00121706 0.00178322 0.00143284 0.00456743
 0.0573455 0.111255 0.0843173 0.280641 0.171117 0.149119 0.0841613 0.0333352 0.0214886 0.0109386 0.00895036 0.00241872 0 0.000790992 0
 0.0399453 0.0965111 0.1671 0.104786 0.29869 0.121357 0.0866249 0.0469946 0.0241878 0.0160006 0.00219793 0.00421319 0.00180361 0.000803716 0.001
 0.083693 0.0625197 0.205948 0.222549 0.121312 0.182975 0.0630009 0.0389379 0.0237228 0.0056414 0.00542379 0.00178927 0.00142001 0 0.00158064
 0.0414074 0.106868 0.106802 0.261624 0.226422 0.0749551 0.136833 0.0344402 0.0158714 0.00650061 0.002 0.002 0 0 0
 0.0616277 0.0796972 0.193665 0.128771 0.26969 0.156818 0.0439044 0.0647683 0.015 0.00610221 0.0104715 0.00256295 0.003 0 0
 0.0554268 0.0789382 0.128208 0.258186 0.131815 0.199745 0.097616 0.023942 0.0402164 0.00911205 0.00455792 0.00221981 0 0.000780501 0.000219174
 0.0336284 0.0843642 0.12374 0.182574 0.253493 0.130402 0.121649 0.0505682 0.0145525 0.0154678 0.00490779 0.00256428 0.00256569 0 0.000216872
 0.0316182 0.0562225 0.135105 0.160426 0.191818 0.238736 0.0806624 0.0711953 0.0274174 0.00522503 0.00566857 0.00177745 0.00255562 0.00177822 0.00177831
 0.0589093 0.0666264 0.109598 0.19 0.177579 0.163516 0.13894 0.0386433 0.0441684 0.0173269 0.00277634 0.00222238 0.000222182 0 0
 0.0558893 0.097645 0.102162 0.167757 0.195169 0.161348 0.107414 0.0774575 0.0277828 0.0184319 0.00543173 0.00178458 0.000429418 0 0.000785595
 0.0518121 0.109249 0.166 0.163347 0.172556 0.156689 0.102641 0.0438877 0.038779 0.00565533 0.0107824 0.00512984 0.001 0.000216861 0
 0.0610227 0.0534348 0.145928 0.221657 0.163264 0.15788 0.0890574 0.0592104 0.0345314 0.0190999 0.00530485 0.0047688 0.00253775 0.000461905 0.001
 0.0639502 0.0863544 0.101283 0.216437 0.244404 0.115614 0.0932038 0.0570333 0.0310642 0.0129192 0.0147918 0.0027718 0.00222788 0.000772173 0.000227626
 0.0809602 0.0707105 0.150563 0.123727 0.238472 0.202119 0.0864323 0.0453865 0.0309809 0.0120776 0.00740299 0.00695046 0.00154569 0.001 0
 0.0445052 0.0866078 0.119197 0.209391 0.133612 0.199414 0.129097 0.0497057 0.0301452 0.0115669 0.00876219 0.00734585 0.000472081 0.00176431 0.000235557
 0.0385876 0.0786112 0.141746 0.145894 0.224094 0.129539 0.129658 0.0668322 0.024476 0.0159065 0.00795067 0.00321505 0.001 0.00321853 0.00147958
 0.112225 0.0828648 0.108942 0.185585 0.153006 0.175628 0.0698273 0.0820557 0.0396748 0.0162406 0.00998848 0.006 0.0022416 0.001 0.00074796
 0.0418903 0.122794 0.132105 0.156978 0.214941 0.128184 0.121773 0.0501224 0.0383882 0.0122285 0.00717876 0.00390979 0.0025448 0.00154527 0.001
 0.0428443 0.0618395 0.195112 0.176357 0.167903 0.166866 0.0871453 0.0689086 0.0236978 0.0137276 0.00944125 0.003 0 0 0.00145925
 0.0600918 0.0934895 0.0914847 0.227449 0.186783 0.131704 0.127943 0.0418787 0.0388684 0.0152864 0.00699232 0.00714836 0.000567051 0 0.000716596
 0.026595 0.0738744 0.133819 0.120166 0.274826 0.137363 0.106022 0.0673843 0.0263993 0.0283368 0.00878765 0.0076926 0.0022169 0.00152164 0.00226075
 0.0249597 0.062 0.0977862 0.189974 0.139937 0.223199 0.121965 0.0591455 0.0475303 0.019 0.0135343 0.00273423 0.00426765 0.00275615 0.001
#OBS_survey_prop_N_EM
 1000
 1000
 1000
 1000
 1000
 1000
 1000
 1000
 1000
 1000
 1000
 1000
 1000
 1000
 1000
 1000
 1000
 1000
 1000
 1000
 1000
 1000
 1000
 1000
 1000
 1000
 1000
 1000
 1000
 1000
 1000
 1000
 1000
 1000
 1000
 1000
 1000
 1000
 1000
 1000

#OBS_yield_fleet
 863.024 783.484 726.261 650.088 534.007 460.496 440.343 327.75 320.102 275.091 323.166 277.701 312.947 276.304 278.409 278.644 268.188 301.446 306.155 310.811 308.662 309.498 302.14 301.266 275.449 251.429 221.309 224.718 209.798 237.154 225.51 216.373 182.077 214.053 265.885 184.504 219.667 282.364 278.113 251.252
#OBS_yield_fleet_se_EM
 0.05
 0.05
 0.05
 0.05
 0.05
 0.05
 0.05
 0.05
 0.05
 0.05
 0.05
 0.05
 0.05
 0.05
 0.05
 0.05
 0.05
 0.05
 0.05
 0.05
 0.05
 0.05
 0.05
 0.05
 0.05
 0.05
 0.05
 0.05
 0.05
 0.05
 0.05
 0.05
 0.05
 0.05
 0.05
 0.05
 0.05
 0.05
 0.05
 0.05

#OBS_catch_prop
 0.033 0.0522 0.0848 0.12 0.1504 0.1314 0.0926 0.0778 0.0696 0.0566 0.0444 0.0262 0.0306 0.0196 0.0144
 0.0204089 0.0669084 0.0804416 0.135987 0.132936 0.134202 0.0984638 0.0824458 0.065 0.0489704 0.0322637 0.0336527 0.025611 0.022611 0.0301804
 0.0215138 0.0304493 0.101838 0.149601 0.143336 0.123837 0.101558 0.0771321 0.0637387 0.0436846 0.0347923 0.0364771 0.028054 0.0185226 0.0421621
 0.0631261 0.0293528 0.0443437 0.168025 0.174107 0.141572 0.100576 0.0830327 0.0498405 0.0474196 0.0280981 0.0261606 0.0195802 0.0144198 0.0404198
 0.0463998 0.0781432 0.0476093 0.0884596 0.193788 0.146768 0.1228 0.0728409 0.0618996 0.0478893 0.032 0.0194517 0.0188071 0.0132741 0.0369852
 0.0490569 0.07763 0.140247 0.0763093 0.0938824 0.174228 0.115906 0.0890826 0.0539196 0.0352877 0.0255433 0.0186415 0.017815 0.0170985 0.0512962
 0.0376789 0.0586049 0.13154 0.20529 0.107205 0.0759835 0.130986 0.092311 0.0501138 0.0377287 0.0271506 0.0151492 0.0157933 0.0141491 0.0332413
 0.0575785 0.0585216 0.0790985 0.205405 0.199271 0.0822893 0.0500155 0.0964272 0.0618446 0.0463477 0.0290486 0.0162582 0.00924737 0.0107736 0.0300532
 0.0742647 0.104424 0.0878049 0.106397 0.218335 0.165547 0.05587 0.0357278 0.0605181 0.0367846 0.0190087 0.0117593 0.0140067 0.00875163 0.0312814
 0.0815592 0.114081 0.175498 0.118393 0.108436 0.169503 0.11733 0.0338802 0.0261231 0.0390081 0.0198917 0.0178034 0.0123236 0.00428126 0.0217604
 0.135854 0.0992123 0.185792 0.234782 0.11153 0.0773143 0.107466 0.0677598 0.0180229 0.0120153 0.0135547 0.0112675 0.00626718 0.0042669 0.0195781
 0.118909 0.132623 0.129226 0.256136 0.224597 0.0800949 0.0457592 0.0574075 0.0363037 0.010913 0.00876321 0.00805678 0.00352887 0.0050575 0.013936
 0.0567375 0.138201 0.153851 0.157878 0.239028 0.164957 0.0422972 0.0269069 0.0373322 0.0229301 0.00687473 0.00177537 0.00487966 0.00432822 0.00943214
 0.106784 0.113921 0.180545 0.195368 0.128168 0.169485 0.0746534 0.0186297 0.0100434 0.022996 0.0105298 0.00329677 0.00306345 0.00453242 0.00996164
 0.0772856 0.134766 0.187561 0.181005 0.191244 0.0904693 0.0917339 0.0469099 0.0122251 0.00765594 0.0120028 0.00744874 0.00222122 0.000778944 0.003
 0.0943898 0.120475 0.171798 0.237044 0.137588 0.122039 0.0615841 0.0513803 0.0221489 0.00518767 0.00220235 0.0035975 0.00179893 0.001 0.00319725
 0.0803764 0.15797 0.179246 0.225247 0.208377 0.088178 0.0402215 0.0223122 0.0251228 0.00398703 0.00220216 0.00259658 0.000402215 0.001598 0.00259837
 0.102546 0.0855356 0.267437 0.194761 0.172098 0.12114 0.0482769 0.0321103 0.00811001 0.00969014 0.00547846 0 0.002 0.00221642 0.00178371
 0.0889929 0.157752 0.116861 0.3173 0.144498 0.103548 0.0502963 0.0228921 0.0139204 0.00436315 0.00437022 0.00358128 0.00237249 0.000209008 0.001
 0.0578998 0.14986 0.209847 0.125134 0.260219 0.112458 0.0549374 0.0357773 0.0075787 0.00540034 0.0025938 0.0018033 0.00160722 0 0.000803891
 0.109377 0.0939231 0.241948 0.25875 0.0932312 0.14074 0.0502247 0.0271881 0.0136585 0.0043586 0.00415242 0.000789272 0 0.000790186 0.000790322
 0.0686639 0.161576 0.137747 0.315742 0.191516 0.0590306 0.0693644 0.0216795 0.007 0.00335688 0.00157048 0 0 0.000212562 0.000787583
 0.116924 0.0992366 0.242947 0.168672 0.243151 0.118057 0.0278773 0.0383263 0.0105589 0.00433868 0.00221836 0.000218524 0.00156426 0 0
 0.0923054 0.1239 0.162792 0.285163 0.133458 0.167438 0.0681545 0.0173993 0.0129969 0.00577801 0.001 0.00412074 0 0.000780501 0
 0.0371733 0.130057 0.168222 0.20477 0.250484 0.0891216 0.0930801 0.0385357 0.00888749 0.0126867 0.00334467 0.00156428 0.000782844 0.000782821 0
 0.060037 0.104405 0.17794 0.192728 0.195861 0.163341 0.0537492 0.0439091 0.0146435 0.00354994 0.00566286 0.00233235 0 0.00022178 0.000221693
 0.0843842 0.0940117 0.169669 0.22534 0.180522 0.122688 0.0784063 0.0271911 0.0249628 0.00722437 0.00177634 0.00233286 0.000777818 0 0
 0.116349 0.136956 0.155007 0.170209 0.179273 0.124713 0.0752969 0.0550294 0.0102172 0.0160564 0.00278414 0.000215422 0.000785291 0.000785409 0.000785595
 0.0932313 0.139524 0.19558 0.189956 0.176755 0.127515 0.0602147 0.0399938 0.028232 0.00790779 0.00591179 0.00021754 0 0 0
 0.0902334 0.115435 0.209126 0.246307 0.162771 0.0877754 0.0736818 0.0301403 0.00982861 0.0139668 0.003 0.0033064 0.000768877 0 0.000769324
 0.116193 0.122334 0.13611 0.252745 0.225046 0.10486 0.0551746 0.0279793 0.0208944 0.00939133 0.00531252 0.002 0.00154424 0.00154435 0.000227626
 0.13157 0.117942 0.198042 0.137917 0.23024 0.164297 0.0619589 0.0239255 0.0145355 0.00938577 0.003 0.00431682 0.000227157 0.00154607 0
 0.0528918 0.145303 0.147514 0.249129 0.140566 0.146407 0.0918544 0.0288985 0.0163831 0.0120892 0.00528656 0.00481847 0.001 0.000764308 0.00176444
 0.0717784 0.0842516 0.206899 0.175654 0.229005 0.0927296 0.0731207 0.0405122 0.0186418 0.0121682 0.00663902 0.0044767 0.000739334 0.001 0.001
 0.161117 0.113567 0.145776 0.220579 0.150427 0.146549 0.0557462 0.0371421 0.0251836 0.00748113 0.0102183 0.00224034 0.000747199 0.00149558 0.00074796
 0.0664382 0.179843 0.168199 0.182691 0.190068 0.113688 0.0906108 0.0341938 0.0241579 0.0100861 0.00331704 0.001 0.0014552 0.000772636 0.000773004
 0.0766987 0.0838414 0.241816 0.195054 0.160101 0.117866 0.0567051 0.0529086 0.0206241 0.0105484 0.0100163 0.00318789 0.00245887 0.000270674 0.00145925
 0.0888514 0.106622 0.114607 0.285826 0.187317 0.105605 0.0771221 0.036142 0.0245765 0.00756806 0.0110077 0.00786448 0.000716475 0.000716564 0
 0.0389876 0.106675 0.183974 0.143863 0.276223 0.132557 0.0593042 0.0455821 0.017333 0.0156917 0.0044749 0.00395408 0.0022169 0.00126082 0.000521503
 0.0373028 0.0789457 0.144717 0.252806 0.162373 0.174135 0.085233 0.0401607 0.0267608 0.0122697 0.0102443 0.00173423 0.00175588 0.000756147 0.00226888
#OBS_catch_prop_N_EM
 1000
 1000
 1000
 1000
 1000
 1000
 1000
 1000
 1000
 1000
 1000
 1000
 1000
 1000
 1000
 1000
 1000
 1000
 1000
 1000
 1000
 1000
 1000
 1000
 1000
 1000
 1000
 1000
 1000
 1000
 1000
 1000
 1000
 1000
 1000
 1000
 1000
 1000
 1000
 1000

#nyrs_release
5
#years_of_tag_releases 
 1 3 5 7 9
#max_life_tags
4
#report_rate_EM
 1
 1
 1
 1
 1
#ntags
 44.1831 83.4507 149.953 243.751 336.35 381.513 367.353 319.979 265.162 214.917 172.568 138.029 110.228 87.97 70.1879
 13.9288 29.321 127.19 195.528 244.891 248.327 219.416 182.505 148.293 119.289 95.5166 76.3208 60.9257 48.6162 94.4091
 28.6036 58.7203 53.2573 90.2111 269.823 253.79 200.061 147.403 109.498 83.9982 65.9175 52.2657 41.6042 33.1638 88.5009
 13.3222 25.8584 91.7848 150.773 93.1965 95.4732 177.87 120.796 79.8843 54.2506 38.9162 29.4251 22.9555 18.1577 56.6411
 39.0537 68.7598 59.1078 90.8606 218.533 213.155 81.0677 59.5085 92.713 57.9392 36.967 24.7349 17.6363 13.3024 44.1286
#ntags_total
 2985.6 1904.48 1576.82 1069.3 1117.47
#tag_N_EM
 100 100 100 100 100 100 100 100 100 100 100 100 100 100 100
 100 100 100 100 100 100 100 100 100 100 100 100 100 100 100
 100 100 100 100 100 100 100 100 100 100 100 100 100 100 100
 100 100 100 100 100 100 100 100 100 100 100 100 100 100 100
 100 100 100 100 100 100 100 100 100 100 100 100 100 100 100

#input_T_EM
 1
 1
 1
 1
 1
 1
 1
 1
 1
 1
 1
 1
 1
 1
 1


#OBS_tag_prop_pan_final
 0.015 0.06 0.045 0.07 0.81
 0.02 0.1 0.035 0.09 0.755
 0.045 0.095 0.05 0.085 0.725
 0.05 0.13 0.075 0.12 0.625
 0.065 0.155 0.065 0.11 0.605
 0.05 0.155 0.04 0.145 0.61
 0.105 0.18 0.015 0.095 0.605
 0.1 0.22 0.045 0.125 0.51
 0.11 0.15 0.05 0.12 0.57
 0.06 0.17 0.045 0.11 0.615
 0.075 0.15 0.07 0.145 0.56
 0.09 0.155 0.04 0.1 0.615
 0.1 0.13 0.075 0.145 0.55
 0.095 0.18 0.045 0.145 0.535
 0.085 0.19 0.065 0.115 0.545
 0.03 0.07 0.065 0.07 0.765
 0.025 0.055 0.055 0.09 0.775
 0.07 0.095 0.085 0.105 0.645
 0.065 0.11 0.06 0.13 0.635
 0.12 0.155 0.05 0.125 0.55
 0.105 0.2 0.085 0.155 0.455
 0.085 0.195 0.07 0.11 0.54
 0.085 0.165 0.025 0.155 0.57
 0.14 0.2 0.08 0.105 0.475
 0.08 0.25 0.085 0.1 0.485
 0.07 0.145 0.1 0.135 0.55
 0.125 0.175 0.05 0.105 0.545
 0.115 0.215 0.06 0.1 0.51
 0.125 0.195 0.06 0.1 0.52
 0.1 0.16 0.075 0.16 0.505
 0.04 0.045 0.03 0.08 0.805
 0.035 0.05 0.08 0.09 0.745
 0.065 0.13 0.085 0.1 0.62
 0.085 0.155 0.08 0.12 0.56
 0.11 0.19 0.07 0.12 0.51
 0.07 0.255 0.065 0.125 0.485
 0.065 0.23 0.04 0.145 0.52
 0.125 0.255 0.05 0.135 0.435
 0.1 0.25 0.05 0.12 0.48
 0.145 0.23 0.045 0.09 0.49
 0.11 0.225 0.04 0.13 0.495
 0.105 0.215 0.03 0.135 0.515
 0.105 0.19 0.08 0.15 0.475
 0.12 0.23 0.09 0.145 0.415
 0.14 0.175 0.075 0.125 0.485
 0.09 0.035 0.05 0.075 0.75
 0.05 0.03 0.045 0.13 0.745
 0.075 0.12 0.035 0.13 0.64
 0.135 0.15 0.055 0.115 0.545
 0.085 0.145 0.05 0.14 0.58
 0.125 0.17 0.065 0.185 0.455
 0.16 0.22 0.045 0.105 0.47
 0.18 0.225 0.05 0.115 0.43
 0.17 0.215 0.055 0.1 0.46
 0.16 0.22 0.05 0.125 0.445
 0.15 0.245 0.055 0.145 0.405
 0.13 0.24 0.105 0.105 0.42
 0.15 0.17 0.05 0.185 0.445
 0.17 0.215 0.05 0.145 0.42
 0.15 0.255 0.035 0.105 0.455
 0.04 0.095 0.055 0.07 0.74
 0.06 0.115 0.065 0.1 0.66
 0.115 0.12 0.05 0.13 0.585
 0.125 0.205 0.065 0.125 0.48
 0.135 0.215 0.055 0.11 0.485
 0.16 0.15 0.07 0.24 0.38
 0.18 0.22 0.07 0.105 0.425
 0.135 0.23 0.08 0.135 0.42
 0.175 0.215 0.06 0.14 0.41
 0.155 0.215 0.065 0.14 0.425
 0.13 0.265 0.06 0.185 0.36
 0.14 0.215 0.085 0.14 0.42
 0.155 0.21 0.07 0.105 0.46
 0.15 0.235 0.065 0.105 0.445
 0.145 0.235 0.08 0.145 0.395
#input_M_EM
 0.226 0.226 0.226 0.226 0.226 0.226 0.226 0.226 0.226 0.226 0.226 0.226 0.226 0.226 0.226
#init_abund_EM
 3125 2493 1989 1586 1265 1009 805 642 512 409 326 260 208 166 132

#input_M_TRUE
 0.226 0.226 0.226 0.226 0.226 0.226 0.226 0.226 0.226 0.226 0.226 0.226 0.226 0.226 0.226
 0.226 0.226 0.226 0.226 0.226 0.226 0.226 0.226 0.226 0.226 0.226 0.226 0.226 0.226 0.226
#init_abund_TRUE
 1562.5 1246.43 994.303 793.174 632.729 504.739 402.64 321.193 256.222 204.393 163.048 130.066 103.756 82.7681 66.0256
 0 0 0 0 0 0 0 0 0 0 0 0 0 0 0
 0 0 0 0 0 0 0 0 0 0 0 0 0 0 0
 1562.5 1246.43 994.303 793.174 632.729 504.739 402.64 321.193 256.222 204.393 163.048 130.066 103.756 82.7681 66.0256

#q_survey
 0.8
 0.8
#sel_beta1
 0.9
 1.1
#sel_beta2
 3.5
 4
#sel_beta3
 -0.6
 -0.6
#sel_beta4
 20
 20
#sel_beta1_survey
 0.9
 0.9
#sel_beta2_survey
 5
 5
#sel_beta3_survey
 -0.6
 -0.6
#sel_beta4_survey
 20
 20
#steep
 0.814 0.814
#R_ave
 778.095 778.095
#SSB_zero
 830.49 553.66
#rec_devs
 0.434782 0.979982 0.7894 1.51289 1.156 0.759844 0.62218 0.967291 1.02924 0.951113 1.41881 1.23422 0.637419 1.07427 0.829338 0.969505 0.711186 1.16766 0.910461 0.557149 1.34496 0.775495 1.10046 0.958638 0.479097 0.452657 0.822768 0.981104 0.785952 0.913807 1.09006 1.3357 0.616647 0.914197 2.0758 0.944989 1.1934 1.36966 0.699173 0.664024
 1.04416 0.632524 0.634414 1.19567 1.28627 0.43019 0.509861 1.27214 1.32591 0.439344 0.459565 0.405283 1.3954 0.8987 0.958108 1.87958 0.531315 1.2762 1.88666 0.996252 1.36876 1.05105 0.616707 0.742708 0.973352 0.945963 1.24352 1.05402 0.523469 1.19985 0.450353 0.764584 1.17555 1.23881 1.0844 0.76537 1.66787 0.637196 1.14196 0.674802
#Rec_Prop
 1 1 1 1 1 1 1 1 1 1 1 1 1 1 1 1 1 1 1 1 1 1 1 1 1 1 1 1 1 1 1 1 1 1 1 1 1 1 1 1
 1 1 1 1 1 1 1 1 1 1 1 1 1 1 1 1 1 1 1 1 1 1 1 1 1 1 1 1 1 1 1 1 1 1 1 1 1 1 1 1
#recruits_BM
 1562.5 762.519 614.228 1177.18 899.481 591.231 484.115 752.644 800.847 740.056 1103.97 960.339 495.973 835.882 645.304 754.367 553.37 908.547 708.425 433.515 1046.5 603.409 856.261 745.912 372.783 352.21 640.192 763.393 611.545 711.029 848.171 1039.3 479.81 711.332 1615.17 735.291 928.581 1065.73 544.023 516.674
 1562.5 492.164 493.634 930.348 1000.84 334.729 396.72 989.843 1031.68 341.851 357.585 315.349 1085.75 699.274 745.499 1462.49 413.414 993.006 1468 775.179 1065.03 817.814 479.857 577.898 757.361 736.049 967.577 820.131 407.309 933.601 350.417 594.919 914.694 963.912 843.764 595.531 1297.76 495.799 888.552 525.06
#F
 0.0190699 0.0411741 0.0778722 0.122128 0.158826 0.18093 0.191782 0.196575 0.198593 0.199426 0.199766 0.199905 0.199961 0.199984 0.199994
 0.0203173 0.0438673 0.0829659 0.130116 0.169215 0.192765 0.204327 0.209434 0.211584 0.21247 0.212833 0.212981 0.213041 0.213066 0.213076
 0.0253236 0.0546766 0.103409 0.162178 0.210911 0.240264 0.254674 0.261039 0.263719 0.264825 0.265277 0.265461 0.265536 0.265566 0.265579
 0.0279121 0.0602654 0.113979 0.178755 0.232469 0.264822 0.280706 0.287722 0.290675 0.291894 0.292392 0.292595 0.292678 0.292711 0.292725
 0.0242741 0.0524106 0.0991238 0.155457 0.20217 0.230307 0.24412 0.250221 0.25279 0.25385 0.254283 0.25446 0.254532 0.254561 0.254573
 0.0291665 0.0629738 0.119102 0.186789 0.242917 0.276724 0.293321 0.300652 0.303739 0.305012 0.305533 0.305745 0.305831 0.305866 0.305881
 0.0416179 0.0898578 0.169947 0.26653 0.34662 0.39486 0.418542 0.429003 0.433407 0.435224 0.435967 0.43627 0.436393 0.436443 0.436463
 0.0309157 0.0667506 0.126245 0.197991 0.257485 0.29332 0.310913 0.318684 0.321955 0.323305 0.323857 0.324082 0.324173 0.32421 0.324226
 0.0410675 0.0886695 0.1677 0.263006 0.342036 0.389638 0.413007 0.42333 0.427676 0.429469 0.430202 0.4305 0.430622 0.430671 0.430692
 0.0341359 0.0737034 0.139395 0.218614 0.284305 0.323873 0.343298 0.351878 0.355491 0.356981 0.35759 0.357838 0.357939 0.357981 0.357997
 0.0508855 0.109868 0.207792 0.325882 0.423806 0.482789 0.511745 0.524536 0.529921 0.532142 0.53305 0.53342 0.533571 0.533632 0.533657
 0.0513571 0.110886 0.209718 0.328903 0.427734 0.487263 0.516488 0.529397 0.534832 0.537073 0.53799 0.538364 0.538516 0.538578 0.538603
 0.0498656 0.107665 0.203627 0.31935 0.415311 0.473111 0.501487 0.514021 0.519298 0.521475 0.522365 0.522728 0.522876 0.522936 0.52296
 0.0603072 0.13021 0.246265 0.386221 0.502276 0.572179 0.606496 0.621655 0.628037 0.630669 0.631746 0.632185 0.632363 0.632436 0.632465
 0.0736173 0.158948 0.300617 0.471462 0.613131 0.698462 0.740353 0.758858 0.766649 0.769862 0.771176 0.771712 0.77193 0.772018 0.772054
 0.066617 0.143834 0.272031 0.42663 0.554828 0.632045 0.669953 0.686698 0.693748 0.696655 0.697845 0.698329 0.698527 0.698607 0.698639
 0.0523034 0.112929 0.213582 0.334963 0.435615 0.496241 0.526004 0.539151 0.544686 0.546969 0.547903 0.548283 0.548438 0.548501 0.548527
 0.0695209 0.150104 0.28389 0.445228 0.579014 0.659596 0.699157 0.716632 0.723989 0.727023 0.728264 0.72877 0.728976 0.72906 0.729094
 0.0773784 0.167069 0.315976 0.495549 0.644456 0.734146 0.778178 0.797628 0.805817 0.809194 0.810576 0.811138 0.811368 0.811461 0.811499
 0.0624588 0.134856 0.255051 0.4 0.520195 0.592592 0.628134 0.643834 0.650444 0.65317 0.654285 0.654739 0.654924 0.655 0.65503
 0.0650181 0.140381 0.265502 0.41639 0.541511 0.616874 0.653873 0.670216 0.677096 0.679934 0.681095 0.681568 0.68176 0.681839 0.681871
 0.0610498 0.131814 0.249298 0.390977 0.508461 0.579225 0.613965 0.62931 0.635771 0.638436 0.639526 0.63997 0.640151 0.640224 0.640254
 0.0595997 0.128682 0.243376 0.381689 0.496383 0.565466 0.599381 0.614362 0.620669 0.62327 0.624334 0.624768 0.624944 0.625016 0.625045
 0.0621444 0.134177 0.253767 0.397987 0.517577 0.58961 0.624973 0.640593 0.64717 0.649882 0.650992 0.651444 0.651628 0.651703 0.651733
 0.0551521 0.11908 0.225214 0.353207 0.459341 0.523269 0.554653 0.568516 0.574353 0.57676 0.577745 0.578146 0.578309 0.578376 0.578403
 0.0552067 0.119198 0.225437 0.353556 0.459796 0.523787 0.555202 0.569079 0.574921 0.577331 0.578316 0.578718 0.578881 0.578948 0.578975
 0.0568201 0.122681 0.232026 0.363889 0.473233 0.539094 0.571428 0.58571 0.591723 0.594203 0.595218 0.595631 0.595799 0.595868 0.595895
 0.0532111 0.114889 0.217288 0.340776 0.443175 0.504853 0.535132 0.548508 0.554139 0.556461 0.557411 0.557798 0.557956 0.55802 0.558046
 0.0402767 0.0869619 0.16447 0.257941 0.335449 0.382134 0.405054 0.415178 0.41944 0.421198 0.421917 0.42221 0.422329 0.422378 0.422398
 0.0508283 0.109744 0.207558 0.325516 0.423329 0.482245 0.511169 0.523945 0.529324 0.531543 0.53245 0.53282 0.53297 0.533032 0.533056
 0.0465284 0.10046 0.189999 0.297978 0.387518 0.441449 0.467926 0.479622 0.484546 0.486577 0.487407 0.487746 0.487884 0.48794 0.487962
 0.0377397 0.0814843 0.154111 0.241694 0.31432 0.358064 0.37954 0.389026 0.39302 0.394668 0.395341 0.395616 0.395728 0.395773 0.395791
 0.0192469 0.0415563 0.0785951 0.123262 0.1603 0.18261 0.193562 0.1984 0.200437 0.201277 0.201621 0.201761 0.201818 0.201841 0.20185
 0.0352284 0.0760622 0.143856 0.225611 0.293404 0.334238 0.354285 0.36314 0.366868 0.368405 0.369034 0.369291 0.369395 0.369437 0.369455
 0.0540208 0.116637 0.220595 0.345961 0.449919 0.512535 0.543275 0.556854 0.562571 0.564929 0.565893 0.566286 0.566446 0.566511 0.566537
 0.00646913 0.0139676 0.0264168 0.0414298 0.0538789 0.0613774 0.0650586 0.0666847 0.0673693 0.0676517 0.0677672 0.0678142 0.0678334 0.0678412 0.0678444
 0.0163294 0.035257 0.0666812 0.104577 0.136001 0.154929 0.164221 0.168326 0.170054 0.170766 0.171058 0.171177 0.171225 0.171245 0.171253
 0.036574 0.0789675 0.149351 0.234228 0.304611 0.347005 0.367817 0.37701 0.380881 0.382477 0.38313 0.383396 0.383505 0.383549 0.383567
 0.0375073 0.0809826 0.153162 0.240205 0.312384 0.35586 0.377203 0.386631 0.3906 0.392237 0.392907 0.39318 0.393291 0.393336 0.393354
 0.0318472 0.0687617 0.130048 0.203957 0.265243 0.302158 0.32028 0.328285 0.331656 0.333046 0.333614 0.333846 0.33394 0.333979 0.333994
 0.0088928 0.0249376 0.062435 0.125 0.187565 0.225062 0.241107 0.246968 0.248982 0.24966 0.249887 0.249962 0.249987 0.249996 0.249999
 0.00939162 0.0263364 0.0659371 0.132012 0.198086 0.237687 0.254631 0.260821 0.262948 0.263664 0.263904 0.263983 0.26401 0.264019 0.264022
 0.00969104 0.0271761 0.0680393 0.13622 0.204401 0.245265 0.26275 0.269136 0.271332 0.272071 0.272317 0.2724 0.272427 0.272436 0.272439
 0.0104175 0.0292133 0.0731399 0.146432 0.219724 0.263651 0.282447 0.289312 0.291672 0.292466 0.292732 0.29282 0.29285 0.292859 0.292863
 0.0111622 0.0313015 0.078368 0.156899 0.23543 0.282497 0.302636 0.309993 0.312521 0.313372 0.313656 0.313751 0.313783 0.313793 0.313797
 0.0113003 0.0316889 0.0793377 0.158841 0.238344 0.285992 0.306381 0.313828 0.316388 0.31725 0.317538 0.317633 0.317665 0.317676 0.31768
 0.0120016 0.0336554 0.0842612 0.168698 0.253135 0.30374 0.325394 0.333304 0.336023 0.336938 0.337243 0.337345 0.337379 0.33739 0.337394
 0.0115137 0.0322872 0.0808358 0.16184 0.242844 0.291393 0.312166 0.319754 0.322363 0.32324 0.323534 0.323631 0.323664 0.323675 0.323678
 0.0122637 0.0343905 0.0861016 0.172383 0.258663 0.310375 0.332501 0.340584 0.343362 0.344297 0.344609 0.344713 0.344748 0.344759 0.344763
 0.012951 0.0363179 0.0909271 0.182044 0.27316 0.327769 0.351136 0.359671 0.362605 0.363593 0.363922 0.364032 0.364069 0.364081 0.364085
 0.0153729 0.0431093 0.10793 0.216086 0.324241 0.389062 0.416799 0.42693 0.430412 0.431584 0.431976 0.432106 0.43215 0.432164 0.432169
 0.013154 0.036887 0.0923521 0.184897 0.277441 0.332906 0.356639 0.365308 0.368288 0.369291 0.369626 0.369737 0.369775 0.369787 0.369791
 0.0183775 0.0515351 0.129026 0.25832 0.387614 0.465105 0.498262 0.510374 0.514537 0.515938 0.516406 0.516562 0.516614 0.516631 0.516637
 0.0157278 0.0441048 0.110423 0.221076 0.331728 0.398046 0.426423 0.436788 0.440351 0.44155 0.441951 0.442084 0.442129 0.442144 0.442149
 0.0153461 0.0430343 0.107743 0.21571 0.323677 0.388386 0.416074 0.426187 0.429664 0.430834 0.431225 0.431355 0.431398 0.431413 0.431417
 0.0170987 0.0479491 0.120048 0.240345 0.360643 0.432741 0.463591 0.47486 0.478734 0.480037 0.480473 0.480618 0.480666 0.480682 0.480688
 0.0179214 0.0502562 0.125824 0.251909 0.377995 0.453563 0.485898 0.497708 0.501768 0.503135 0.503591 0.503743 0.503794 0.503811 0.503816
 0.0180888 0.0507254 0.126999 0.254262 0.381525 0.457798 0.490434 0.502356 0.506453 0.507832 0.508293 0.508447 0.508498 0.508515 0.50852
 0.0173096 0.0485404 0.121528 0.243309 0.36509 0.438078 0.469309 0.480717 0.484638 0.485957 0.486398 0.486545 0.486594 0.48661 0.486616
 0.0202031 0.0566544 0.141843 0.283981 0.426119 0.511307 0.547759 0.561073 0.56565 0.56719 0.567704 0.567876 0.567933 0.567952 0.567958
 0.0192455 0.0539693 0.13512 0.270521 0.405923 0.487073 0.521797 0.53448 0.53884 0.540307 0.540798 0.540961 0.541015 0.541033 0.541039
 0.0190124 0.0533155 0.133483 0.267244 0.401006 0.481173 0.515476 0.528006 0.532313 0.533763 0.534247 0.534408 0.534462 0.53448 0.534486
 0.0181974 0.0510299 0.127761 0.255788 0.383815 0.460546 0.493379 0.505371 0.509494 0.510881 0.511344 0.511499 0.51155 0.511567 0.511573
 0.0178596 0.0500827 0.125389 0.25104 0.37669 0.451997 0.48422 0.49599 0.500036 0.501398 0.501852 0.502004 0.502055 0.502071 0.502077
 0.0175293 0.0491565 0.12307 0.246397 0.369724 0.443638 0.475265 0.486818 0.490789 0.492125 0.492572 0.49272 0.49277 0.492786 0.492792
 0.0165739 0.0464773 0.116363 0.232968 0.349573 0.419458 0.449361 0.460284 0.464039 0.465302 0.465724 0.465865 0.465912 0.465927 0.465933
 0.0144132 0.0404182 0.101193 0.202597 0.304 0.364775 0.39078 0.400279 0.403544 0.404643 0.40501 0.405132 0.405173 0.405186 0.405191
 0.0154886 0.043434 0.108743 0.217713 0.326683 0.391992 0.419938 0.430145 0.433654 0.434835 0.435229 0.435361 0.435405 0.435419 0.435424
 0.0152292 0.0427066 0.106922 0.214067 0.321212 0.385427 0.412905 0.422941 0.426391 0.427552 0.42794 0.428069 0.428112 0.428127 0.428131
 0.0152353 0.0427237 0.106965 0.214153 0.32134 0.385582 0.41307 0.423111 0.426562 0.427723 0.428111 0.428241 0.428284 0.428298 0.428303
 0.0139786 0.0391994 0.0981415 0.196487 0.294833 0.353775 0.378996 0.388209 0.391375 0.392441 0.392797 0.392916 0.392955 0.392968 0.392973
 0.0138737 0.0389052 0.0974048 0.195013 0.29262 0.35112 0.376151 0.385295 0.388438 0.389495 0.389849 0.389966 0.390005 0.390019 0.390023
 0.013123 0.0368002 0.0921347 0.184461 0.276788 0.332122 0.355799 0.364448 0.367421 0.368421 0.368756 0.368867 0.368904 0.368916 0.36892
 0.0118408 0.0332047 0.0831328 0.166439 0.249745 0.299673 0.321037 0.32884 0.331523 0.332425 0.332727 0.332827 0.332861 0.332872 0.332876
 0.0120556 0.033807 0.0846407 0.169458 0.254275 0.305108 0.32686 0.334805 0.337536 0.338455 0.338762 0.338864 0.338898 0.33891 0.338914
 0.0130657 0.0366395 0.0917324 0.183656 0.275579 0.330672 0.354246 0.362857 0.365817 0.366813 0.367146 0.367257 0.367293 0.367306 0.36731
 0.0121943 0.0341958 0.0856141 0.171407 0.257199 0.308617 0.330619 0.338655 0.341418 0.342348 0.342658 0.342762 0.342796 0.342808 0.342811
 0.0108821 0.030516 0.0764012 0.152962 0.229522 0.275407 0.295041 0.302213 0.304678 0.305508 0.305785 0.305877 0.305908 0.305918 0.305922
 0.00995607 0.0279193 0.0699001 0.139946 0.209991 0.251972 0.269935 0.276497 0.278752 0.279511 0.279765 0.279849 0.279877 0.279887 0.27989
 0.00910758 0.0255399 0.0639429 0.128019 0.192095 0.230498 0.246931 0.252933 0.254996 0.25569 0.255922 0.256 0.256025 0.256034 0.256037
#Fyear
 0.2
 0.213082
 0.265587
 0.292734
 0.254581
 0.30589
 0.436477
 0.324236
 0.430705
 0.358009
 0.533674
 0.53862
 0.522977
 0.632486
 0.772079
 0.698662
 0.548544
 0.729117
 0.811525
 0.655051
 0.681892
 0.640275
 0.625065
 0.651754
 0.578421
 0.578993
 0.595915
 0.558064
 0.422411
 0.533073
 0.487978
 0.395804
 0.201857
 0.369466
 0.566556
 0.0678465
 0.171258
 0.383579
 0.393367
 0.334005
 0.25
 0.264023
 0.272441
 0.292864
 0.313798
 0.317681
 0.337396
 0.32368
 0.344765
 0.364087
 0.432171
 0.369793
 0.51664
 0.442151
 0.43142
 0.48069
 0.503819
 0.508523
 0.486618
 0.567962
 0.541042
 0.534489
 0.511576
 0.50208
 0.492795
 0.465935
 0.405193
 0.435426
 0.428134
 0.428305
 0.392975
 0.390025
 0.368922
 0.332877
 0.338915
 0.367312
 0.342813
 0.305923
 0.279891
 0.256038
#biomass_AM
 2677.28 2021.2 1540.32 1233.18 1041.84 896.802 741.26 616.441 596.003 576.184 606.38 601.792 540.99 509.029 484.308 461.71 460.218 486.75 488.341 456.072 487.725 502.26 508.381 507.08 450.171 390.641 376.739 410.728 438.456 461.939 485.072 529.147 527.317 539.05 632.292 654.203 709.819 756.522 694.967 617.026
 3937.02 3662.34 3154.01 2651.8 2266 1931.73 1623.22 1404.07 1330.11 1242.35 1131.27 1017.37 1026.89 1010.95 1018.39 1093.02 1110.66 1082.77 1152.15 1194.99 1167.93 1166.86 1100.78 1028.77 984.199 950.874 943.443 978.125 967.701 977.93 968.044 950.594 1007.76 1093.19 1167.81 1226.87 1324.21 1394.17 1413.85 1389.93
#biomass_population
 2677.28 2021.2 1540.32 1233.18 1041.84 896.802 741.26 616.441 596.003 576.184 606.38 601.792 540.99 509.029 484.308 461.71 460.218 486.75 488.341 456.072 487.725 502.26 508.381 507.08 450.171 390.641 376.739 410.728 438.456 461.939 485.072 529.147 527.317 539.05 632.292 654.203 709.819 756.522 694.967 617.026
 3937.02 3662.34 3154.01 2651.8 2266 1931.73 1623.22 1404.07 1330.11 1242.35 1131.27 1017.37 1026.89 1010.95 1018.39 1093.02 1110.66 1082.77 1152.15 1194.99 1167.93 1166.86 1100.78 1028.77 984.199 950.874 943.443 978.125 967.701 977.93 968.044 950.594 1007.76 1093.19 1167.81 1226.87 1324.21 1394.17 1413.85 1389.93
#harvest_rate_region_bio
 0.118649 0.123746 0.153359 0.16209 0.133742 0.152987 0.209924 0.155512 0.182924 0.143229 0.191104 0.184571 0.190204 0.220521 0.251088 0.225206 0.184302 0.233092 0.25023 0.216944 0.216858 0.206271 0.204585 0.214976 0.20815 0.222952 0.217499 0.185393 0.143856 0.183874 0.166772 0.133909 0.0774575 0.14491 0.185285 0.0249925 0.0687459 0.148897 0.159412 0.14706
 0.138493 0.1456 0.155404 0.170082 0.174088 0.167277 0.175339 0.165079 0.15877 0.155074 0.183071 0.163706 0.204659 0.162384 0.154052 0.159771 0.165173 0.173578 0.159773 0.177222 0.173712 0.176553 0.179981 0.187 0.184659 0.172766 0.147848 0.151863 0.151526 0.155506 0.149403 0.153135 0.140193 0.124327 0.12726 0.137004 0.128953 0.121821 0.118311 0.115432
#depletion_region
 1 0.754944 0.57533 0.460611 0.389142 0.334967 0.276871 0.230249 0.222615 0.215212 0.226491 0.224777 0.202067 0.190129 0.180895 0.172455 0.171897 0.181808 0.182402 0.170349 0.182172 0.187601 0.189887 0.189401 0.168145 0.14591 0.140717 0.153412 0.163769 0.17254 0.181181 0.197643 0.19696 0.201342 0.236169 0.244354 0.265127 0.282571 0.259579 0.230467
 1 0.930233 0.801116 0.673556 0.575562 0.490658 0.412297 0.356632 0.337848 0.315556 0.287342 0.258411 0.26083 0.256782 0.258671 0.277626 0.282107 0.275022 0.292645 0.303527 0.296654 0.296382 0.279598 0.261308 0.249986 0.241522 0.239634 0.248443 0.245796 0.248394 0.245883 0.24145 0.25597 0.27767 0.296622 0.311623 0.336349 0.354118 0.359117 0.353041
#SSB_region
 1211.44 900.246 706.083 539.572 417.878 356.365 299.723 234.998 203.585 182.251 180.843 166.999 165.143 154.291 138.107 129.33 127.22 138.226 130.509 130.658 135.773 133.233 143.85 142.365 138.598 132.621 118.036 110.547 118.727 133.958 133.446 140.378 152.258 173.306 168.331 167.326 221.689 234.467 229.942 222.801
 1211.44 1139.69 1028.14 868.705 706.141 588.375 502.45 416.301 356.681 326.107 312.166 279.951 264.777 237.256 240.026 241.89 243.552 259.776 247.972 256.177 266.595 261.144 267.025 260.062 243.236 231.228 221.351 220.608 228.24 236.885 234.396 243.457 241.691 256.235 277.187 292.916 321.626 342.856 371.087 376.883
#Bratio_population
 1.4587 1.08399 0.8502 0.649703 0.50317 0.429102 0.360899 0.282963 0.245139 0.21945 0.217755 0.201084 0.19885 0.185783 0.166295 0.155727 0.153187 0.166439 0.157147 0.157326 0.163486 0.160427 0.173212 0.171422 0.166887 0.15969 0.142128 0.13311 0.14296 0.1613 0.160683 0.169031 0.183335 0.20868 0.202689 0.201479 0.266938 0.282324 0.276875 0.268276
 2.18806 2.05847 1.85699 1.56902 1.27541 1.0627 0.907507 0.751907 0.644224 0.589002 0.563822 0.505638 0.47823 0.428523 0.433526 0.436892 0.439895 0.469197 0.447877 0.462697 0.481513 0.471669 0.48229 0.469714 0.439323 0.417636 0.399796 0.398454 0.412239 0.427853 0.423358 0.439723 0.436533 0.462802 0.500645 0.529053 0.580908 0.619253 0.670243 0.680713
#T_year
 0.7
 0.3
 0.7
 0.3
 0.7
 0.3
 0.7
 0.3
 0.7
 0.3
 0.7
 0.3
 0.7
 0.3
 0.7
 0.3
 0.7
 0.3
 0.7
 0.3
 0.7
 0.3
 0.7
 0.3
 0.7
 0.3
 0.7
 0.3
 0.7
 0.3
 0.7
 0.3
 0.7
 0.3
 0.7
 0.3
 0.7
 0.3
 0.7
 0.3
 0.7
 0.3
 0.7
 0.3
 0.7
 0.3
 0.7
 0.3
 0.7
 0.3
 0.7
 0.3
 0.7
 0.3
 0.7
 0.3
 0.7
 0.3
 0.7
 0.3
 0.7
 0.3
 0.7
 0.3
 0.7
 0.3
 0.7
 0.3
 0.7
 0.3
 0.7
 0.3
 0.7
 0.3
 0.7
 0.3
 0.7
 0.3
 0.7
 0.3 0.1
 0.9
 0.1
 0.9
 0.1
 0.9
 0.1
 0.9
 0.1
 0.9
 0.1
 0.9
 0.1
 0.9
 0.1
 0.9
 0.1
 0.9
 0.1
 0.9
 0.1
 0.9
 0.1
 0.9
 0.1
 0.9
 0.1
 0.9
 0.1
 0.9
 0.1
 0.9
 0.1
 0.9
 0.1
 0.9
 0.1
 0.9
 0.1
 0.9
 0.1
 0.9
 0.1
 0.9
 0.1
 0.9
 0.1
 0.9
 0.1
 0.9
 0.1
 0.9
 0.1
 0.9
 0.1
 0.9
 0.1
 0.9
 0.1
 0.9
 0.1
 0.9
 0.1
 0.9
 0.1
 0.9
 0.1
 0.9
 0.1
 0.9
 0.1
 0.9
 0.1
 0.9
 0.1
 0.9
 0.1
 0.9
 0.1
 0.9
#selectivity_age
 0.0953495
 0.20587
 0.389361
 0.610639
 0.79413
 0.904651
 0.958909
 0.982876
 0.992966
 0.997128
 0.99883
 0.999524
 0.999806
 0.999921
 0.999968
 0.0355712
 0.0997505
 0.24974
 0.5
 0.75026
 0.90025
 0.964429
 0.987872
 0.99593
 0.998641
 0.999547
 0.999849
 0.99995
 0.999983
 0.999994
#survey_selectivity_age
 0.026597
 0.0629734
 0.141851
 0.28905
 0.5
 0.71095
 0.858149
 0.937027
 0.973403
 0.989013
 0.995504
 0.998167
 0.999254
 0.999697
 0.999877
 0.026597
 0.0629734
 0.141851
 0.28905
 0.5
 0.71095
 0.858149
 0.937027
 0.973403
 0.989013
 0.995504
 0.998167
 0.999254
 0.999697
 0.999877
#debug
1541
