#nages
8
#nyrs
10
#npops_EM
1
#nregions_EM
 2
#nfleets_EM
 1
#nfleets_survey_EM
 1
#npops_OM
1
#nregions_OM
 2
#nfleets_OM
 1
#nfleets_survey_OM
 1
#tsurvey_EM
 0.5 0.5
#diagnostics_switch
0
#fleets_as_areas_switch
0
#move_switch
0
#natal_homing_switch
0
#spawn_return_switch
0
#select_switch
1
#select_switch_survey
1
#maturity_switch_equil
0
#SSB_type
2
#Rec_type
1
#apportionment_type
1
#use_stock_comp_info_survey
0
#use_stock_comp_info_catch
0
#F_switch
1
#recruit_devs_switch
1
#recruit_randwalk_switch
0
#init_abund_switch
0
#tspawn_EM
 0.85
#return_age
7
#return_probability
 1
#spawn_return_prob
 1
#do_tag
0
#do_tag_mult
1
#sigma_recruit_EM
 0.7
#ph_lmr
-1
#lb_R_ave
5
#ub_R_ave
20
#ph_rec
3
#lb_rec_devs
-40
#ub_rec_devs
10
#ph_rec_app_CNST
-4
#ph_rec_app_YR
-4
#ph_abund_devs
2
#ph_reg_init
2
#ph_non_natal_init
-1
#lb_abund_devs
-40
#ub_abund_devs
10
#ph_F
4
#ph_steep
-1
#ph_M
-1
#ph_sel_log
5
#lb_sel_beta1
-10
#ub_sel_beta1
5
#lb_sel_beta2
-10
#ub_sel_beta2
5
#lb_sel_beta1_surv
-10
#ub_sel_beta1_surv
5
#lb_sel_beta2_surv
-10
#ub_sel_beta2_surv
5
#ph_sel_log_surv
5
#ph_sel_dubl
-5
#ph_sel_dubl_surv
-5
#ph_q
1
#lb_q
-15
#ub_q
5
#ph_F_rho
-1
#ph_T_YR
-4
#ph_T_CNST
-4
#ph_dummy
-1
#wt_surv
1
#wt_catch
1
#wt_fish_age
1
#wt_srv_age
1
#wt_rec
0.1
#wt_tag
0
#abund_pen_switch
0
#move_pen_switch
0
#Tpen
-5
#Tpen2
5
#input_weight
 0.02 0.04 0.08 0.1 0.13 0.16 0.17 0.19
 0.02 0.04 0.08 0.1 0.13 0.16 0.17 0.19
#input_catch_weight
 0.014 0.044 0.085 0.114 0.14 0.158 0.167 0.167
 0.014 0.044 0.085 0.114 0.14 0.158 0.167 0.167
#fecundity
 1 1 1 1 1 1 1 1
 1 1 1 1 1 1 1 1
#maturity
 0.079 0.322 0.725 0.936 0.988 0.998 1 1
 0.079 0.322 0.725 0.936 0.988 0.998 1 1
#prop_fem
 0.5 0.5
#OBS_rec_index_BM
 1650.12 823.663 674.572 700.664 1035.68 943.017 238.842 1120.85 68.806 1572.25
 2294.14 771.189 158.392 3494.65 782.643 8688.59 2190.11 620.001 257.001 1511.13
#OBS_survey_fleet_bio
 0.0138774
 0.0201067
 0.00968578
 0.0163062
 0.00247903
 0.00260315
 0.0030628
 0.00560656
 0.00319099
 0.0099684
 0.0280956
 0.0313849
 0.00785417
 0.00593179
 0.0046023
 0.00229171
 0.00217565
 0.00668827
 0.00762803
 0.00427391
#OBS_survey_fleet_bio_se_EM
 0.5
 0.5
 0.5
 0.5
 0.5
 0.5
 0.5
 0.5
 0.5
 0.5
 0.5
 0.5
 0.5
 0.5
 0.5
 0.5
 0.5
 0.5
 0.5
 0.5

#OBS_survey_prop
 0 0.08 0.11 0.16 0.22 0.16 0.15 0.12
 0.01 0.05 0.14 0.09 0.07 0.16 0.13 0.35
 0.01 0.04 0.17 0.13 0.16 0.11 0.09 0.29
 0 0.05 0.12 0.17 0.14 0.12 0.12 0.28
 0.02 0.12 0.13 0.11 0.15 0.14 0.07 0.26
 0.04 0.06 0.37 0.19 0.09 0.06 0.06 0.13
 0.04 0.21 0.19 0.24 0.1 0.06 0.03 0.13
 0.01 0.12 0.47 0.16 0.15 0.02 0.02 0.05
 0 0.13 0.36 0.31 0.09 0.08 0 0.03
 0.02 0.04 0.26 0.26 0.25 0.06 0.06 0.05
 0 0.06 0.15 0.18 0.14 0.15 0.13 0.19
 0.02 0.02 0.15 0.17 0.18 0.18 0.09 0.19
 0 0.09 0.09 0.15 0.1 0.11 0.14 0.32
 0.01 0.03 0.13 0.13 0.19 0.09 0.09 0.33
 0.01 0.21 0.12 0.26 0.06 0.11 0.07 0.16
 0.02 0.11 0.46 0.12 0.13 0.05 0.01 0.1
 0.02 0.18 0.24 0.32 0.1 0.03 0.01 0.1
 0.03 0.12 0.43 0.11 0.17 0.07 0.04 0.03
 0 0.06 0.3 0.39 0.11 0.09 0.02 0.03
 0.02 0.02 0.2 0.32 0.25 0.06 0.06 0.07
#OBS_survey_prop_N_EM
 100
 100
 100
 100
 100
 100
 100
 100
 100
 100
 100
 100
 100
 100
 100
 100
 100
 100
 100
 100

#OBS_yield_fleet
 40.2284
 113.917
 99.0947
 87.8749
 126.751
 56.0209
 33.3749
 34.5206
 24.2569
 7.9007
 40.8711
 93.731
 116.968
 133.484
 159.415
 41.6028
 28.6024
 23.8964
 28.8632
 10.7782
#OBS_yield_fleet_se_EM
 0.05
 0.05
 0.05
 0.05
 0.05
 0.05
 0.05
 0.05
 0.05
 0.05
 0.05
 0.05
 0.05
 0.05
 0.05
 0.05
 0.05
 0.05
 0.05
 0.05

#OBS_catch_prop
 0 0.03 0.08 0.12 0.17 0.18 0.17 0.25
 0 0.02 0.05 0.07 0.2 0.15 0.11 0.4
 0 0.05 0.08 0.13 0.12 0.08 0.19 0.35
 0 0.05 0.06 0.13 0.13 0.13 0.13 0.37
 0.02 0.16 0.17 0.11 0.1 0.11 0.04 0.29
 0.04 0.09 0.19 0.15 0.06 0.09 0.11 0.27
 0.01 0.3 0.17 0.25 0.11 0.07 0.02 0.07
 0 0.18 0.28 0.12 0.22 0.05 0.03 0.12
 0 0.09 0.25 0.21 0.13 0.12 0.1 0.1
 0.01 0.03 0.14 0.25 0.32 0.12 0.09 0.04
 0.01 0.03 0.05 0.13 0.23 0.13 0.18 0.24
 0 0.06 0.09 0.06 0.16 0.14 0.15 0.34
 0.01 0.04 0.04 0.09 0.18 0.16 0.13 0.35
 0.01 0.02 0.05 0.12 0.16 0.15 0.12 0.37
 0 0.16 0.14 0.04 0.08 0.2 0.08 0.3
 0.04 0.15 0.22 0.13 0.1 0.09 0.06 0.21
 0.03 0.25 0.14 0.24 0.11 0.07 0.03 0.13
 0.02 0.13 0.29 0.17 0.21 0.07 0 0.11
 0 0.13 0.21 0.34 0.1 0.13 0.03 0.06
 0 0.03 0.19 0.33 0.24 0.08 0.09 0.04
#OBS_catch_prop_N_EM
 100
 100
 100
 100
 100
 100
 100
 100
 100
 100
 100
 100
 100
 100
 100
 100
 100
 100
 100
 100

#nyrs_release
10
#years_of_tag_releases 
 1 2 3 4 5 6 7 8 9 10
#max_life_tags
5
#report_rate_EM
 1 1
 1 1
 1 1
 1 1
 1 1
 1 1
 1 1
 1 1
 1 1
 1 1
#ntags
 0 0 0 0 0 0 0 0
 0 0 0 0 0 0 0 0
 0 0 0 0 0 0 0 0
 0 0 0 0 0 0 0 0
 0 0 0 0 0 0 0 0
 0 0 0 0 0 0 0 0
 0 0 0 0 0 0 0 0
 0 0 0 0 0 0 0 0
 0 0 0 0 0 0 0 0
 0 0 0 0 0 0 0 0
 0 0 0 0 0 0 0 0
 0 0 0 0 0 0 0 0
 0 0 0 0 0 0 0 0
 0 0 0 0 0 0 0 0
 0 0 0 0 0 0 0 0
 0 0 0 0 0 0 0 0
 0 0 0 0 0 0 0 0
 0 0 0 0 0 0 0 0
 0 0 0 0 0 0 0 0
 0 0 0 0 0 0 0 0
#ntags_total
 0 0 0 0 0 0 0 0 0 0
#tag_N_EM
 500 500 500 500 500 500 500 500
 500 500 500 500 500 500 500 500
 500 500 500 500 500 500 500 500
 500 500 500 500 500 500 500 500
 500 500 500 500 500 500 500 500
 500 500 500 500 500 500 500 500
 500 500 500 500 500 500 500 500
 500 500 500 500 500 500 500 500
 500 500 500 500 500 500 500 500
 500 500 500 500 500 500 500 500
 500 500 500 500 500 500 500 500
 500 500 500 500 500 500 500 500
 500 500 500 500 500 500 500 500
 500 500 500 500 500 500 500 500
 500 500 500 500 500 500 500 500
 500 500 500 500 500 500 500 500
 500 500 500 500 500 500 500 500
 500 500 500 500 500 500 500 500
 500 500 500 500 500 500 500 500
 500 500 500 500 500 500 500 500

#input_T_EM
 0.7 0.3
 0.7 0.3
 0.7 0.3
 0.7 0.3
 0.7 0.3
 0.7 0.3
 0.7 0.3
 0.7 0.3
 0.7 0.3
 0.7 0.3
 0.7 0.3
 0.7 0.3
 0.7 0.3
 0.7 0.3
 0.7 0.3
 0.7 0.3


#OBS_tag_prop_final
 0 0 0 0 0 0 0 0 0 0 0
 0 0 0 0 0 0 0 0 0 0 0
 0 0 0 0 0 0 0 0 0 0 0
 0 0 0 0 0 0 0 0 0 0 0
 0 0 0 0 0 0 0 0 0 0 0
 0 0 0 0 0 0 0 0 0 0 0
 0 0 0 0 0 0 0 0 0 0 0
 0 0 0 0 0 0 0 0 0 0 0
 0 0 0 0 0 0 0 0 0 0 0
 0 0 0 0 0 0 0 0 0 0 0
 0 0 0 0 0 0 0 0 0 0 0
 0 0 0 0 0 0 0 0 0 0 0
 0 0 0 0 0 0 0 0 0 0 0
 0 0 0 0 0 0 0 0 0 0 0
 0 0 0 0 0 0 0 0 0 0 0
 0 0 0 0 0 0 0 0 0 0 0
 0 0 0 0 0 0 0 0 0 0 0
 0 0 0 0 0 0 0 0 0 0 0
 0 0 0 0 0 0 0 0 0 0 0
 0 0 0 0 0 0 0 0 0 0 0
 0 0 0 0 0 0 0 0 0 0 0
 0 0 0 0 0 0 0 0 0 0 0
 0 0 0 0 0 0 0 0 0 0 0
 0 0 0 0 0 0 0 0 0 0 0
 0 0 0 0 0 0 0 0 0 0 0
 0 0 0 0 0 0 0 0 0 0 0
 0 0 0 0 0 0 0 0 0 0 0
 0 0 0 0 0 0 0 0 0 0 0
 0 0 0 0 0 0 0 0 0 0 0
 0 0 0 0 0 0 0 0 0 0 0
 0 0 0 0 0 0 0 0 0 0 0
 0 0 0 0 0 0 0 0 0 0 0
 0 0 0 0 0 0 0 0 0 0 0
 0 0 0 0 0 0 0 0 0 0 0
 0 0 0 0 0 0 0 0 0 0 0
 0 0 0 0 0 0 0 0 0 0 0
 0 0 0 0 0 0 0 0 0 0 0
 0 0 0 0 0 0 0 0 0 0 0
 0 0 0 0 0 0 0 0 0 0 0
 0 0 0 0 0 0 0 0 0 0 0
 0 0 0 0 0 0 0 0 0 0 0
 0 0 0 0 0 0 0 0 0 0 0
 0 0 0 0 0 0 0 0 0 0 0
 0 0 0 0 0 0 0 0 0 0 0
 0 0 0 0 0 0 0 0 0 0 0
 0 0 0 0 0 0 0 0 0 0 0
 0 0 0 0 0 0 0 0 0 0 0
 0 0 0 0 0 0 0 0 0 0 0
 0 0 0 0 0 0 0 0 0 0 0
 0 0 0 0 0 0 0 0 0 0 0
 0 0 0 0 0 0 0 0 0 0 0
 0 0 0 0 0 0 0 0 0 0 0
 0 0 0 0 0 0 0 0 0 0 0
 0 0 0 0 0 0 0 0 0 0 0
 0 0 0 0 0 0 0 0 0 0 0
 0 0 0 0 0 0 0 0 0 0 0
 0 0 0 0 0 0 0 0 0 0 0
 0 0 0 0 0 0 0 0 0 0 0
 0 0 0 0 0 0 0 0 0 0 0
 0 0 0 0 0 0 0 0 0 0 0
 0 0 0 0 0 0 0 0 0 0 0
 0 0 0 0 0 0 0 0 0 0 0
 0 0 0 0 0 0 0 0 0 0 0
 0 0 0 0 0 0 0 0 0 0 0
 0 0 0 0 0 0 0 0 0 0 0
 0 0 0 0 0 0 0 0 0 0 0
 0 0 0 0 0 0 0 0 0 0 0
 0 0 0 0 0 0 0 0 0 0 0
 0 0 0 0 0 0 0 0 0 0 0
 0 0 0 0 0 0 0 0 0 0 0
 0 0 0 0 0 0 0 0 0 0 0
 0 0 0 0 0 0 0 0 0 0 0
 0 0 0 0 0 0 0 0 0 0 0
 0 0 0 0 0 0 0 0 0 0 0
 0 0 0 0 0 0 0 0 0 0 0
 0 0 0 0 0 0 0 0 0 0 0
 0 0 0 0 0 0 0 0 0 0 0
 0 0 0 0 0 0 0 0 0 0 0
 0 0 0 0 0 0 0 0 0 0 0
 0 0 0 0 0 0 0 0 0 0 0
 0 0 0 0 0 0 0 0 0 0 0
 0 0 0 0 0 0 0 0 0 0 0
 0 0 0 0 0 0 0 0 0 0 0
 0 0 0 0 0 0 0 0 0 0 0
 0 0 0 0 0 0 0 0 0 0 0
 0 0 0 0 0 0 0 0 0 0 0
 0 0 0 0 0 0 0 0 0 0 0
 0 0 0 0 0 0 0 0 0 0 0
 0 0 0 0 0 0 0 0 0 0 0
 0 0 0 0 0 0 0 0 0 0 0
 0 0 0 0 0 0 0 0 0 0 0
 0 0 0 0 0 0 0 0 0 0 0
 0 0 0 0 0 0 0 0 0 0 0
 0 0 0 0 0 0 0 0 0 0 0
 0 0 0 0 0 0 0 0 0 0 0
 0 0 0 0 0 0 0 0 0 0 0
 0 0 0 0 0 0 0 0 0 0 0
 0 0 0 0 0 0 0 0 0 0 0
 0 0 0 0 0 0 0 0 0 0 0
 0 0 0 0 0 0 0 0 0 0 0
 0 0 0 0 0 0 0 0 0 0 0
 0 0 0 0 0 0 0 0 0 0 0
 0 0 0 0 0 0 0 0 0 0 0
 0 0 0 0 0 0 0 0 0 0 0
 0 0 0 0 0 0 0 0 0 0 0
 0 0 0 0 0 0 0 0 0 0 0
 0 0 0 0 0 0 0 0 0 0 0
 0 0 0 0 0 0 0 0 0 0 0
 0 0 0 0 0 0 0 0 0 0 0
 0 0 0 0 0 0 0 0 0 0 0
 0 0 0 0 0 0 0 0 0 0 0
 0 0 0 0 0 0 0 0 0 0 0
 0 0 0 0 0 0 0 0 0 0 0
 0 0 0 0 0 0 0 0 0 0 0
 0 0 0 0 0 0 0 0 0 0 0
 0 0 0 0 0 0 0 0 0 0 0
 0 0 0 0 0 0 0 0 0 0 0
 0 0 0 0 0 0 0 0 0 0 0
 0 0 0 0 0 0 0 0 0 0 0
 0 0 0 0 0 0 0 0 0 0 0
 0 0 0 0 0 0 0 0 0 0 0
 0 0 0 0 0 0 0 0 0 0 0
 0 0 0 0 0 0 0 0 0 0 0
 0 0 0 0 0 0 0 0 0 0 0
 0 0 0 0 0 0 0 0 0 0 0
 0 0 0 0 0 0 0 0 0 0 0
 0 0 0 0 0 0 0 0 0 0 0
 0 0 0 0 0 0 0 0 0 0 0
 0 0 0 0 0 0 0 0 0 0 0
 0 0 0 0 0 0 0 0 0 0 0
 0 0 0 0 0 0 0 0 0 0 0
 0 0 0 0 0 0 0 0 0 0 0
 0 0 0 0 0 0 0 0 0 0 0
 0 0 0 0 0 0 0 0 0 0 0
 0 0 0 0 0 0 0 0 0 0 0
 0 0 0 0 0 0 0 0 0 0 0
 0 0 0 0 0 0 0 0 0 0 0
 0 0 0 0 0 0 0 0 0 0 0
 0 0 0 0 0 0 0 0 0 0 0
 0 0 0 0 0 0 0 0 0 0 0
 0 0 0 0 0 0 0 0 0 0 0
 0 0 0 0 0 0 0 0 0 0 0
 0 0 0 0 0 0 0 0 0 0 0
 0 0 0 0 0 0 0 0 0 0 0
 0 0 0 0 0 0 0 0 0 0 0
 0 0 0 0 0 0 0 0 0 0 0
 0 0 0 0 0 0 0 0 0 0 0
 0 0 0 0 0 0 0 0 0 0 0
 0 0 0 0 0 0 0 0 0 0 0
 0 0 0 0 0 0 0 0 0 0 0
 0 0 0 0 0 0 0 0 0 0 0
 0 0 0 0 0 0 0 0 0 0 0
 0 0 0 0 0 0 0 0 0 0 0
 0 0 0 0 0 0 0 0 0 0 0
 0 0 0 0 0 0 0 0 0 0 0
 0 0 0 0 0 0 0 0 0 0 0
 0 0 0 0 0 0 0 0 0 0 0
 0 0 0 0 0 0 0 0 0 0 0
 0 0 0 0 0 0 0 0 0 0 0
 0 0 0 0 0 0 0 0 0 0 0
#input_M_EM
 0.35 0.35 0.35 0.35 0.35 0.35 0.35 0.35
#input_Rec_Prop_EM
 0.5 0.5 0.5 0.5 0.5 0.5 0.5 0.5 0.5 0.5
 0.5 0.5 0.5 0.5 0.5 0.5 0.5 0.5 0.5 0.5
#input_selectivity_EM
 0.01
 0.09
 0.32
 0.44
 0.55
 0.7
 1
 1
 0.01
 0.09
 0.32
 0.44
 0.55
 0.7
 1
 1

#input_survey_selectivity_EM
 0.03
 0.2
 0.63
 0.92
 0.98
 1
 1
 1
 0.03
 0.2
 0.63
 0.92
 0.98
 1
 1
 1

#input_M_TRUE
 0.35 0.35 0.35 0.35 0.35 0.35 0.35 0.35
#init_abund_TRUE
 1478.96 1586.72 1430.33 1420.8 1369.31 1174.78 1223.41 1305.42
 1478.96 1586.72 1430.33 1420.8 1369.31 1174.78 1223.41 1305.42
#q_survey
 3.48e-005
 3.48e-005
#sel_beta1
 0.8
 0.8
#sel_beta2
 4.4
 4.4
#sel_beta3
 -0.6
 -0.6
#sel_beta4
 20
 20
#sel_beta1_survey
 2
 2
#sel_beta2_survey
 2.7
 2.7
#sel_beta3_survey
 -0.6
 -0.6
#sel_beta4_survey
 20
 20
#steep
 1
#R_ave
 2957.93
#SSB_zero
 307.582
#rec_devs
 0.711871 0.612929 0.676379 1.10835 0.617997 1.40059 0.982354 0.737608 0.138591 1.03491
#Rec_Prop
 0.5 0.5 0.5 0.5 0.5 0.5 0.5 0.5 0.5 0.5
 0.5 0.5 0.5 0.5 0.5 0.5 0.5 0.5 0.5 0.5
#recruits_BM
 1478.96 906.501 1000.34 1639.21 913.996 2071.42 1452.87 1090.9 204.971 1530.59
 1478.96 906.501 1000.34 1639.21 913.996 2071.42 1452.87 1090.9 204.971 1530.59
#F
 0.00432624 0.00895031 0.0172208 0.0294473 0.0432424 0.0547715 0.0622261 0.0662794
 0.0138477 0.0286487 0.0551213 0.0942567 0.138413 0.175316 0.199177 0.212151
 0.0159383 0.0329739 0.0634432 0.108487 0.159309 0.201784 0.229247 0.24418
 0.0230971 0.0477843 0.091939 0.157214 0.230864 0.292416 0.332215 0.353855
 0.0491403 0.101663 0.195605 0.334482 0.491175 0.62213 0.706804 0.752845
 0.0338318 0.0699926 0.134669 0.230282 0.338161 0.42832 0.486616 0.518314
 0.0232699 0.0481418 0.0926269 0.158391 0.232591 0.294604 0.334701 0.356503
 0.02354 0.0487006 0.0937021 0.160229 0.235291 0.298024 0.338586 0.360641
 0.013902 0.028761 0.0553374 0.0946262 0.138955 0.176003 0.199958 0.212983
 0.00403706 0.00835204 0.0160697 0.0274789 0.0403519 0.0511104 0.0580667 0.0618491
 0.00432624 0.00895031 0.0172208 0.0294473 0.0432424 0.0547715 0.0622261 0.0662794
 0.0103722 0.0214585 0.0412871 0.0706003 0.103674 0.131315 0.149188 0.158906
 0.0185828 0.0384448 0.0739695 0.126487 0.185742 0.235263 0.267284 0.284694
 0.0302969 0.0626795 0.120598 0.206221 0.302829 0.383568 0.435773 0.464159
 0.0715668 0.14806 0.284874 0.487131 0.715336 0.906056 1.02937 1.09643
 0.0318134 0.0658168 0.126634 0.216543 0.317986 0.402766 0.457584 0.487391
 0.0232156 0.0480294 0.0924107 0.158021 0.232048 0.293916 0.33392 0.355671
 0.0177325 0.0366857 0.070585 0.120699 0.177243 0.224499 0.255054 0.271668
 0.0180408 0.0373235 0.0718121 0.122798 0.180324 0.228402 0.259488 0.276391
 0.00642259 0.0132873 0.0255654 0.0437165 0.0641961 0.0813119 0.0923788 0.0983962
#Fyear
 0.07
 0.22406
 0.257887
 0.373719
 0.795105
 0.547409
 0.376515
 0.380886
 0.224939
 0.065321
 0.07
 0.167826
 0.300675
 0.490214
 1.15797
 0.51475
 0.375636
 0.286918
 0.291906
 0.10392
#biomass_AM
 1171.54 986.92 742.965 566.767 429.145 317.486 300.715 315.895 290.773 284.273
 1171.54 986.92 768.401 568.041 405.495 273.849 280.479 304.526 292.403 279.928
#biomass_population
 2343.08 1973.84 1511.37 1134.81 834.639 591.335 581.194 620.421 583.176 564.202
#catch_at_age_fleet_prop
 0.00308144 0.0393373 0.0679626 0.11478 0.161397 0.174446 0.205677 0.233318
 0.00233532 0.0426242 0.0640076 0.0960885 0.135667 0.160604 0.153075 0.345598
 0.00349608 0.0353256 0.0749705 0.0966156 0.119155 0.13898 0.142862 0.388595
 0.00804646 0.0543867 0.0633609 0.114101 0.1192 0.120002 0.120524 0.400379
 0.00679583 0.131768 0.0996634 0.0946891 0.13201 0.108079 0.0910703 0.335925
 0.0220688 0.106296 0.227498 0.139145 0.100209 0.106042 0.0704269 0.228315
 0.0154366 0.243074 0.132509 0.236173 0.113852 0.0648007 0.0574414 0.136714
 0.0110783 0.16317 0.293908 0.134853 0.192525 0.0747444 0.0362179 0.093503
 0.00201505 0.119626 0.203213 0.311828 0.116135 0.134967 0.0449096 0.0673062
 0.0151759 0.0229036 0.159777 0.236563 0.303411 0.0946907 0.0964297 0.0710497
 0.00308144 0.0393373 0.0679626 0.11478 0.161397 0.174446 0.205677 0.233318
 0.00229215 0.0419666 0.0632149 0.0953284 0.135273 0.160804 0.153674 0.347447
 0.00341981 0.0344913 0.0735177 0.0950508 0.117937 0.138663 0.143579 0.393342
 0.00832511 0.0558883 0.0644076 0.115121 0.118975 0.118976 0.119365 0.398943
 0.00792037 0.150413 0.110061 0.0999874 0.133058 0.104104 0.0850434 0.309413
 0.0263889 0.126905 0.26034 0.150776 0.100342 0.0972344 0.0594834 0.17853
 0.0168754 0.265822 0.144991 0.24824 0.113684 0.0600182 0.0488752 0.101493
 0.0114084 0.168907 0.305926 0.1415 0.195671 0.0726583 0.0327985 0.0711301
 0.00203467 0.120449 0.20615 0.318292 0.119866 0.135667 0.0434229 0.0541189
 0.0156162 0.0235031 0.162456 0.240553 0.307385 0.0960171 0.0944647 0.0600043
#yield_fleet
 43.7118
 114.524
 97.4381
 98.5258
 127.043
 55.9428
 34.4091
 36.5588
 23.6233
 7.56466
 43.7118
 87.5402
 116.395
 124.54
 154.177
 41.6591
 30.0511
 26.2195
 30.1406
 11.6297
#survey_at_age_fleet_prop
 0.00635841 0.0416875 0.122148 0.173865 0.176993 0.152287 0.158186 0.168475
 0.0049835 0.0468757 0.119309 0.150801 0.153947 0.144907 0.121582 0.257595
 0.0074509 0.0388282 0.139648 0.151487 0.135039 0.125198 0.113265 0.289083
 0.0169824 0.0593517 0.117116 0.177362 0.133756 0.1069 0.0944078 0.294124
 0.0136899 0.138517 0.177038 0.140815 0.140792 0.0909044 0.0670277 0.231216
 0.0378867 0.094717 0.343049 0.176158 0.0913676 0.0765773 0.0446444 0.1356
 0.0262567 0.213795 0.197404 0.295872 0.102959 0.0465203 0.0362596 0.0809338
 0.0175261 0.133496 0.407268 0.157136 0.161931 0.0499043 0.0212618 0.0514769
 0.00320079 0.0979284 0.281958 0.364281 0.0980951 0.0906442 0.026551 0.0373421
 0.0252155 0.0195423 0.231212 0.288523 0.267913 0.0665618 0.05972 0.0413121
 0.00635841 0.0416875 0.122148 0.173865 0.176993 0.152287 0.158186 0.168475
 0.0049003 0.0461788 0.117926 0.149787 0.153762 0.145404 0.122365 0.259676
 0.00731777 0.0381005 0.1376 0.149699 0.134196 0.12536 0.114206 0.293521
 0.0175453 0.061059 0.119116 0.178851 0.133229 0.105609 0.093066 0.291524
 0.0157017 0.15681 0.193399 0.146326 0.138544 0.084778 0.0602327 0.204209
 0.0432608 0.107905 0.374672 0.182241 0.0873879 0.0671018 0.0360471 0.101384
 0.0279678 0.227804 0.210456 0.303013 0.100171 0.0419826 0.0300617 0.0585438
 0.0177703 0.135778 0.416706 0.162201 0.162075 0.0478238 0.0189958 0.0386503
 0.00320511 0.0979291 0.283996 0.368997 0.100407 0.0902998 0.0254309 0.0297357
 0.0257626 0.0199286 0.233587 0.291449 0.269552 0.0670125 0.0580757 0.0346317
#true_survey_fleet_bio
 0.0296116
 0.0237596
 0.0175661
 0.0122647
 0.00751239
 0.0054313
 0.00499624
 0.00559572
 0.00610957
 0.00640769
 0.0296116
 0.0242645
 0.0179316
 0.0117758
 0.00621576
 0.00448472
 0.00449481
 0.00543275
 0.00604356
 0.00622196
#harvest_rate_region_bio
 0.0373115 0.116042 0.131148 0.173838 0.296037 0.176205 0.114424 0.115731 0.0812433 0.0266105
 0.0373115 0.0887004 0.151477 0.219244 0.380221 0.152124 0.107142 0.0860993 0.103079 0.0415453
#depletion_region
 1 0.842414 0.634179 0.48378 0.366309 0.271 0.256684 0.269641 0.248197 0.24265
 1 0.842414 0.655891 0.484868 0.346121 0.233751 0.239411 0.259937 0.249589 0.238941
#SSB_region
 376.666 290.272 212.792 145.084 83.2284 66.1127 64.5119 72.3763 78.7751 82.9955
 376.666 300.634 214.702 135.421 64.6723 55.991 58.7977 71.6632 77.1497 80.0622
#Bratio_population
 2.44921 1.92113 1.38985 0.911969 0.480849 0.396979 0.4009 0.468296 0.506937 0.530127
#T_year
 1 0
 1 0
 1 0
 1 0
 1 0
 1 0
 1 0
 1 0
 1 0
 1 0
 0 1
 0 1
 0 1
 0 1
 0 1
 0 1
 0 1
 0 1
 0 1
 0 1
#selectivity_age
 0.0618035
 0.127862
 0.246011
 0.420676
 0.617748
 0.78245
 0.888944
 0.946849
 0.0618035
 0.127862
 0.246011
 0.420676
 0.617748
 0.78245
 0.888944
 0.946849
#survey_selectivity_age
 0.0322955
 0.197816
 0.645656
 0.930862
 0.990048
 0.998641
 0.999816
 0.999975
 0.0322955
 0.197816
 0.645656
 0.930862
 0.990048
 0.998641
 0.999816
 0.999975
#TRUE_tag_prop
 0 0 0 0 0 0 0 0 0 0 0
 0 0 0 0 0 0 0 0 0 0 0
 0 0 0 0 0 0 0 0 0 0 0
 0 0 0 0 0 0 0 0 0 0 0
 0 0 0 0 0 0 0 0 0 0 0
 0 0 0 0 0 0 0 0 0 0 0
 0 0 0 0 0 0 0 0 0 0 0
 0 0 0 0 0 0 0 0 0 0 0
 0 0 0 0 0 0 0 0 0 0 0
 0 0 0 0 0 0 0 0 0 0 0
 0 0 0 0 0 0 0 0 0 0 0
 0 0 0 0 0 0 0 0 0 0 0
 0 0 0 0 0 0 0 0 0 0 0
 0 0 0 0 0 0 0 0 0 0 0
 0 0 0 0 0 0 0 0 0 0 0
 0 0 0 0 0 0 0 0 0 0 0
 0 0 0 0 0 0 0 0 0 0 0
 0 0 0 0 0 0 0 0 0 0 0
 0 0 0 0 0 0 0 0 0 0 0
 0 0 0 0 0 0 0 0 0 0 0
 0 0 0 0 0 0 0 0 0 0 0
 0 0 0 0 0 0 0 0 0 0 0
 0 0 0 0 0 0 0 0 0 0 0
 0 0 0 0 0 0 0 0 0 0 0
 0 0 0 0 0 0 0 0 0 0 0
 0 0 0 0 0 0 0 0 0 0 0
 0 0 0 0 0 0 0 0 0 0 0
 0 0 0 0 0 0 0 0 0 0 0
 0 0 0 0 0 0 0 0 0 0 0
 0 0 0 0 0 0 0 0 0 0 0
 0 0 0 0 0 0 0 0 0 0 0
 0 0 0 0 0 0 0 0 0 0 0
 0 0 0 0 0 0 0 0 0 0 0
 0 0 0 0 0 0 0 0 0 0 0
 0 0 0 0 0 0 0 0 0 0 0
 0 0 0 0 0 0 0 0 0 0 0
 0 0 0 0 0 0 0 0 0 0 0
 0 0 0 0 0 0 0 0 0 0 0
 0 0 0 0 0 0 0 0 0 0 0
 0 0 0 0 0 0 0 0 0 0 0
 0 0 0 0 0 0 0 0 0 0 0
 0 0 0 0 0 0 0 0 0 0 0
 0 0 0 0 0 0 0 0 0 0 0
 0 0 0 0 0 0 0 0 0 0 0
 0 0 0 0 0 0 0 0 0 0 0
 0 0 0 0 0 0 0 0 0 0 0
 0 0 0 0 0 0 0 0 0 0 0
 0 0 0 0 0 0 0 0 0 0 0
 0 0 0 0 0 0 0 0 0 0 0
 0 0 0 0 0 0 0 0 0 0 0
 0 0 0 0 0 0 0 0 0 0 0
 0 0 0 0 0 0 0 0 0 0 0
 0 0 0 0 0 0 0 0 0 0 0
 0 0 0 0 0 0 0 0 0 0 0
 0 0 0 0 0 0 0 0 0 0 0
 0 0 0 0 0 0 0 0 0 0 0
 0 0 0 0 0 0 0 0 0 0 0
 0 0 0 0 0 0 0 0 0 0 0
 0 0 0 0 0 0 0 0 0 0 0
 0 0 0 0 0 0 0 0 0 0 0
 0 0 0 0 0 0 0 0 0 0 0
 0 0 0 0 0 0 0 0 0 0 0
 0 0 0 0 0 0 0 0 0 0 0
 0 0 0 0 0 0 0 0 0 0 0
 0 0 0 0 0 0 0 0 0 0 0
 0 0 0 0 0 0 0 0 0 0 0
 0 0 0 0 0 0 0 0 0 0 0
 0 0 0 0 0 0 0 0 0 0 0
 0 0 0 0 0 0 0 0 0 0 0
 0 0 0 0 0 0 0 0 0 0 0
 0 0 0 0 0 0 0 0 0 0 0
 0 0 0 0 0 0 0 0 0 0 0
 0 0 0 0 0 0 0 0 0 0 0
 0 0 0 0 0 0 0 0 0 0 0
 0 0 0 0 0 0 0 0 0 0 0
 0 0 0 0 0 0 0 0 0 0 0
 0 0 0 0 0 0 0 0 0 0 0
 0 0 0 0 0 0 0 0 0 0 0
 0 0 0 0 0 0 0 0 0 0 0
 0 0 0 0 0 0 0 0 0 0 0
 0 0 0 0 0 0 0 0 0 0 0
 0 0 0 0 0 0 0 0 0 0 0
 0 0 0 0 0 0 0 0 0 0 0
 0 0 0 0 0 0 0 0 0 0 0
 0 0 0 0 0 0 0 0 0 0 0
 0 0 0 0 0 0 0 0 0 0 0
 0 0 0 0 0 0 0 0 0 0 0
 0 0 0 0 0 0 0 0 0 0 0
 0 0 0 0 0 0 0 0 0 0 0
 0 0 0 0 0 0 0 0 0 0 0
 0 0 0 0 0 0 0 0 0 0 0
 0 0 0 0 0 0 0 0 0 0 0
 0 0 0 0 0 0 0 0 0 0 0
 0 0 0 0 0 0 0 0 0 0 0
 0 0 0 0 0 0 0 0 0 0 0
 0 0 0 0 0 0 0 0 0 0 0
 0 0 0 0 0 0 0 0 0 0 0
 0 0 0 0 0 0 0 0 0 0 0
 0 0 0 0 0 0 0 0 0 0 0
 0 0 0 0 0 0 0 0 0 0 0
 0 0 0 0 0 0 0 0 0 0 0
 0 0 0 0 0 0 0 0 0 0 0
 0 0 0 0 0 0 0 0 0 0 0
 0 0 0 0 0 0 0 0 0 0 0
 0 0 0 0 0 0 0 0 0 0 0
 0 0 0 0 0 0 0 0 0 0 0
 0 0 0 0 0 0 0 0 0 0 0
 0 0 0 0 0 0 0 0 0 0 0
 0 0 0 0 0 0 0 0 0 0 0
 0 0 0 0 0 0 0 0 0 0 0
 0 0 0 0 0 0 0 0 0 0 0
 0 0 0 0 0 0 0 0 0 0 0
 0 0 0 0 0 0 0 0 0 0 0
 0 0 0 0 0 0 0 0 0 0 0
 0 0 0 0 0 0 0 0 0 0 0
 0 0 0 0 0 0 0 0 0 0 0
 0 0 0 0 0 0 0 0 0 0 0
 0 0 0 0 0 0 0 0 0 0 0
 0 0 0 0 0 0 0 0 0 0 0
 0 0 0 0 0 0 0 0 0 0 0
 0 0 0 0 0 0 0 0 0 0 0
 0 0 0 0 0 0 0 0 0 0 0
 0 0 0 0 0 0 0 0 0 0 0
 0 0 0 0 0 0 0 0 0 0 0
 0 0 0 0 0 0 0 0 0 0 0
 0 0 0 0 0 0 0 0 0 0 0
 0 0 0 0 0 0 0 0 0 0 0
 0 0 0 0 0 0 0 0 0 0 0
 0 0 0 0 0 0 0 0 0 0 0
 0 0 0 0 0 0 0 0 0 0 0
 0 0 0 0 0 0 0 0 0 0 0
 0 0 0 0 0 0 0 0 0 0 0
 0 0 0 0 0 0 0 0 0 0 0
 0 0 0 0 0 0 0 0 0 0 0
 0 0 0 0 0 0 0 0 0 0 0
 0 0 0 0 0 0 0 0 0 0 0
 0 0 0 0 0 0 0 0 0 0 0
 0 0 0 0 0 0 0 0 0 0 0
 0 0 0 0 0 0 0 0 0 0 0
 0 0 0 0 0 0 0 0 0 0 0
 0 0 0 0 0 0 0 0 0 0 0
 0 0 0 0 0 0 0 0 0 0 0
 0 0 0 0 0 0 0 0 0 0 0
 0 0 0 0 0 0 0 0 0 0 0
 0 0 0 0 0 0 0 0 0 0 0
 0 0 0 0 0 0 0 0 0 0 0
 0 0 0 0 0 0 0 0 0 0 0
 0 0 0 0 0 0 0 0 0 0 0
 0 0 0 0 0 0 0 0 0 0 0
 0 0 0 0 0 0 0 0 0 0 0
 0 0 0 0 0 0 0 0 0 0 0
 0 0 0 0 0 0 0 0 0 0 0
 0 0 0 0 0 0 0 0 0 0 0
 0 0 0 0 0 0 0 0 0 0 0
 0 0 0 0 0 0 0 0 0 0 0
 0 0 0 0 0 0 0 0 0 0 0
 0 0 0 0 0 0 0 0 0 0 0
 0 0 0 0 0 0 0 0 0 0 0
 0 0 0 0 0 0 0 0 0 0 0
 0 0 0 0 0 0 0 0 0 0 0
#T
 1 0
 1 0
 1 0
 1 0
 1 0
 1 0
 1 0
 1 0
 1 0
 1 0
 1 0
 1 0
 1 0
 1 0
 1 0
 1 0
 1 0
 1 0
 1 0
 1 0
 1 0
 1 0
 1 0
 1 0
 1 0
 1 0
 1 0
 1 0
 1 0
 1 0
 1 0
 1 0
 1 0
 1 0
 1 0
 1 0
 1 0
 1 0
 1 0
 1 0
 1 0
 1 0
 1 0
 1 0
 1 0
 1 0
 1 0
 1 0
 1 0
 1 0
 1 0
 1 0
 1 0
 1 0
 1 0
 1 0
 1 0
 1 0
 1 0
 1 0
 1 0
 1 0
 1 0
 1 0
 1 0
 1 0
 1 0
 1 0
 1 0
 1 0
 1 0
 1 0
 1 0
 1 0
 1 0
 1 0
 1 0
 1 0
 1 0
 1 0
 0 1
 0 1
 0 1
 0 1
 0 1
 0 1
 0 1
 0 1
 0 1
 0 1
 0 1
 0 1
 0 1
 0 1
 0 1
 0 1
 0 1
 0 1
 0 1
 0 1
 0 1
 0 1
 0 1
 0 1
 0 1
 0 1
 0 1
 0 1
 0 1
 0 1
 0 1
 0 1
 0 1
 0 1
 0 1
 0 1
 0 1
 0 1
 0 1
 0 1
 0 1
 0 1
 0 1
 0 1
 0 1
 0 1
 0 1
 0 1
 0 1
 0 1
 0 1
 0 1
 0 1
 0 1
 0 1
 0 1
 0 1
 0 1
 0 1
 0 1
 0 1
 0 1
 0 1
 0 1
 0 1
 0 1
 0 1
 0 1
 0 1
 0 1
 0 1
 0 1
 0 1
 0 1
 0 1
 0 1
 0 1
 0 1
 0 1
 0 1
#abund_frac_age_region
 0.5 0.5 0.5 0.5 0.5 0.5 0.5 0.5
 0.5 0.5 0.5 0.5 0.5 0.5 0.5 0.5
 0.5 0.49987 0.498202 0.496541 0.494086 0.491316 0.489002 0.486954
 0.5 0.500099 0.501237 0.500834 0.501041 0.500694 0.499685 0.497483
 0.5 0.50027 0.503823 0.508401 0.513083 0.519023 0.523465 0.525164
 0.5 0.500841 0.511867 0.526117 0.54643 0.568689 0.589054 0.607755
 0.5 0.499924 0.499797 0.509859 0.52269 0.541426 0.56241 0.595651
 0.5 0.499998 0.499896 0.499743 0.509767 0.522555 0.541255 0.584676
 0.5 0.499782 0.496994 0.494117 0.489862 0.495256 0.504189 0.549706
 0.5 0.500155 0.501923 0.501113 0.50116 0.500203 0.508355 0.545071
 0.5 0.5 0.5 0.5 0.5 0.5 0.5 0.5
 0.5 0.5 0.5 0.5 0.5 0.5 0.5 0.5
 0.5 0.50013 0.501798 0.503459 0.505914 0.508684 0.510998 0.513046
 0.5 0.499901 0.498763 0.499166 0.498959 0.499306 0.500315 0.502517
 0.5 0.49973 0.496177 0.491599 0.486917 0.480977 0.476535 0.474836
 0.5 0.499159 0.488133 0.473883 0.45357 0.431311 0.410946 0.392245
 0.5 0.500076 0.500203 0.490141 0.47731 0.458574 0.43759 0.404349
 0.5 0.500002 0.500104 0.500257 0.490233 0.477445 0.458745 0.415324
 0.5 0.500218 0.503006 0.505883 0.510138 0.504744 0.495811 0.450294
 0.5 0.499845 0.498077 0.498887 0.49884 0.499797 0.491645 0.454929
#abund_frac_year
 0.5 0.5 0.494359 0.499877 0.507484 0.515076 0.506248 0.503472 0.498003 0.50183
 0.5 0.5 0.505641 0.500123 0.492516 0.484924 0.493752 0.496528 0.501997 0.49817
#abund_frac_region
 0.502635 0.497365
#debug
1541
