# Number of parameters = 105 Objective function value = 430.713837838558  Maximum gradient component = 0.000100050253730551
# ln_T_YR:
 -0.500000000000000
 -0.500000000000000
 -0.500000000000000
 -0.500000000000000
 -0.500000000000000
 -0.500000000000000
 -0.500000000000000
 -0.500000000000000
 -0.500000000000000
 -0.500000000000000
 -0.500000000000000
 -0.500000000000000
 -0.500000000000000
 -0.500000000000000
 -0.500000000000000
 -0.500000000000000
 -0.500000000000000
 -0.500000000000000
 -0.500000000000000
 -0.500000000000000
 -0.500000000000000
 -0.500000000000000
 -0.500000000000000
 -0.500000000000000
 -0.500000000000000
 -0.500000000000000
 -0.500000000000000
 -0.500000000000000
 -0.500000000000000
 -0.500000000000000
 -0.500000000000000
 -0.500000000000000
 -0.500000000000000
 -0.500000000000000
 -0.500000000000000
 -0.500000000000000
 -0.500000000000000
 -0.500000000000000
 -0.500000000000000
 -0.500000000000000
 -0.500000000000000
 -0.500000000000000
 -0.500000000000000
 -0.500000000000000
 -0.500000000000000
 -0.500000000000000
 -0.500000000000000
 -0.500000000000000
 -0.500000000000000
 -0.500000000000000
 -0.500000000000000
 -0.500000000000000
 -0.500000000000000
 -0.500000000000000
 -0.500000000000000
 -0.500000000000000
 -0.500000000000000
 -0.500000000000000
 -0.500000000000000
 -0.500000000000000
# ln_T_CNST:
 0.500000000000000
 0.500000000000000
# log_sel_beta1:
 -0.211070878567357
 -0.159236658922948
# log_sel_beta2:
 1.44308264644924
 1.41055625957418
# log_sel_beta3:
 -2.50000000000000
 -2.50000000000000
# log_sel_beta4:
 -2.50000000000000
 -2.50000000000000
# log_sel_beta1surv:
 0.694918722034410
# log_sel_beta2surv:
 0.990840984008280
# log_sel_beta3surv:
 -2.50000000000000
# log_sel_beta4surv:
 -2.50000000000000
# ln_q:
 -10.4844600183017
# ln_F:
 -2.85711566316065
 -2.17958737796890
 -2.04215547535770
 -2.06455013701144
 -1.26502055467329
 -1.48803586259731
 -1.16415378943619
 -1.54317509815319
 -1.11859799863680
 -0.877236914783365
 -1.72470099622415
 -0.822119996386725
 -0.761671999842498
 -0.398764887736885
 0.204351813369811
 -0.622405971528702
 -0.793331310955668
 -0.947026542190065
 -0.867290247772011
 -1.08914215884194
 -1.05722140052437
 -0.908347655307566
 -1.23288095428255
 -1.90009521986310
 -3.41046132887043
 -1.64354099696175
 -1.64889724116741
 -1.14582203163348
 -2.78378840963751
 -2.99839265041856
 -2.77433278948707
 -2.51885216920676
 -2.34571790192514
 -2.06314151693612
 -1.16713041432754
 -1.07489406184064
 -1.48866659098024
 -1.28149767521786
 -1.58257744879521
 -0.641557433763495
 -0.518678921391606
 -0.868766972703044
 -0.788981045997606
 -0.624515614400061
 -0.951886353386364
 -0.691210455183054
 -0.793971684292927
 -0.773748783354831
 -0.938516559819474
 -1.02650906195292
 -1.21111183066933
 -1.06080703147409
 -1.68333043829253
 -2.87851099477856
 -1.60011449416317
 -1.45368418900650
 -1.07940839256095
 -4.85327595743587
 -3.34036178719955
 -1.30880465794641
# F_rho:
 1.00000000000000
# ln_rec_prop_CNST:
 0.00000000000000
# ln_rec_prop_YR:
 0.00000000000000 0.00000000000000 0.00000000000000 0.00000000000000 0.00000000000000 0.00000000000000 0.00000000000000 0.00000000000000 0.00000000000000 0.00000000000000 0.00000000000000 0.00000000000000 0.00000000000000 0.00000000000000 0.00000000000000 0.00000000000000 0.00000000000000 0.00000000000000 0.00000000000000 0.00000000000000 0.00000000000000 0.00000000000000 0.00000000000000 0.00000000000000 0.00000000000000 0.00000000000000 0.00000000000000 0.00000000000000 0.00000000000000
# ln_rec_devs_RN:
 -0.796734926827803 0.361363130983761 -0.825110635299509 -0.262895025944445 0.969204912855950 0.762938385761935 -1.03864049064779 -1.75477210085278 -1.00100280357463 0.423387358797825 -0.265905496420480 0.467425736927765 -0.973069904133709 -0.346400865230812 0.143547706755790 0.173087357523457 0.255689421768160 -0.477889632939842 -0.0233551485572434 0.203059235689864 0.181953320139982 0.907612351617402 -0.686159596570597 0.943994464356464 -0.531140807857767 1.53689450719544 0.737049800170688 -0.181503590216344 0.102684844016238
# ln_abund_devs:
 -0.00140594264428273 -0.377946876432944 -0.702161033764582 -1.03950166977833 -1.32467405663663 -1.83046953908509 -1.99952771326488 -2.56515239278529
# ln_nat:
 0.500000000000000
# ln_reg:
 0.0464241844600615
# ln_R_ave:
 17.5000000000000
# steep:
 1.00000000000000
# dummy:
0.00000000000
