#nages
15
#nyrs
40
#npops
1
#nregions
 2
#nfleets
 1
#nfleets_survey
 1
#tsurvey
 0 0
#larval_move_switch
0
#move_switch
5
#natal_homing_switch
0
#spawn_return_switch
0
#select_switch
1
#select_switch_survey
1
#maturity_switch_equil
0
#SSB_type
2
#Rec_type
1
#apportionment_type
1
#use_stock_comp_info_survey
0
#use_stock_comp_info_catch
0
#F_switch
1
#recruit_devs_switch
1
#recruit_randwalk_switch
0
#tspawn
 0
#return_age
4
#return_probability
 1
#spawn_return_prob
 1
#do_tag
1
#do_tag_mult
1
#sigma_recruit
 0.4
#ph_lmr
1
#ph_rec
2
#ph_F
3
#ph_steep
-1
#ph_M
-1
#ph_sel_log
-5
#ph_sel_log_surv
4
#ph_sel_dubl
-1
#ph_sel_dubl_surv
-1
#ph_q
1
#ph_F_rho
-1
#ph_T_pop
-5
#ph_T_reg
-2
#ph_T_CNST_pop
-5
#ph_T_CNST_reg
1
#wt_surv
1
#wt_catch
1
#wt_fish_age
1
#wt_srv_age
1
#wt_rec
1
#wt_tag
0
#move_pen_switch
1
#Tpen
-5
#Tpen2
1
#input_Rec_prop
 0.7 0.3
#input_weight
 0.101 0.273 0.377 0.473 0.545 0.622 0.674 0.754 0.805 0.833 0.909 0.952 0.938 0.918 0.982
 0.101 0.273 0.377 0.473 0.545 0.622 0.674 0.754 0.805 0.833 0.909 0.952 0.938 0.918 0.982
#input_catch_weight
 0.101 0.273 0.377 0.473 0.545 0.622 0.674 0.754 0.805 0.833 0.909 0.952 0.938 0.918 0.982
 0.101 0.273 0.377 0.473 0.545 0.622 0.674 0.754 0.805 0.833 0.909 0.952 0.938 0.918 0.982
#fecundity
 0 0.12 0.54 0.71 0.87 1 1 1 1 1 1 1 1 1 1
 0 0.12 0.54 0.71 0.87 1 1 1 1 1 1 1 1 1 1
#maturity
 0 0.12 0.54 0.71 0.87 1 1 1 1 1 1 1 1 1 1
 0 0.12 0.54 0.71 0.87 1 1 1 1 1 1 1 1 1 1
#prop_fem
 0.5 0.5
#OBS_rec_index_BM
 1709.9 386.968 699.867 1489.8 643.925 1329.93 978.773 230.113 689.637 1127.03 892.003 1410.97 2477.81 1093.26 871.028 915.742 1232.38 1017.85 253.041 762.388 1387.21 1358.5 1092.35 197.926 2449.81 1705.89 1118.42 346.113 808.898 1044.16 421.596 570.268 1046.27 513.458 1203.76 817.996 782.406 680.476 475.426 645.345
 918.982 511.643 1083.03 324.666 805.383 371.261 523.708 166.517 546.921 464.364 902.167 158.981 362.649 495.586 321.529 864.913 673.316 201.428 134.788 425.837 281.576 632.413 1125.41 102.338 649.587 330.761 689.514 187.724 372.621 354.974 266.407 524.815 164.561 283.753 576.651 279.215 608.676 375.227 629.307 595.957
#OBS_survey_fleet_bio
 1809.25
 1811.25
 1472.43
 1127.84
 991.882
 831.09
 1133.87
 661.057
 858.491
 655.988
 673.565
 555.291
 706.152
 606.527
 554.55
 599.736
 628.855
 271.161
 591.337
 439.282
 362.134
 527.659
 298.986
 336.558
 456.983
 772.491
 487.358
 581.796
 472.364
 760.684
 557.87
 557.427
 567.3
 520.119
 461.37
 380.266
 534.865
 459.582
 552.987
 649.534
 2031.81
 2440.06
 1855.48
 2184.85
 2086.77
 2250.49
 1359.33
 1075.84
 960.912
 1067.62
 1026.4
 853.549
 815.635
 713.077
 614.415
 782.774
 719.906
 763.921
 441.365
 679.609
 685.284
 342.697
 654.304
 376.171
 580.744
 559.818
 615.24
 537.768
 714.861
 589.431
 606.301
 615.988
 524.474
 715.451
 566.012
 495.067
 640.435
 508.155
 696.811
 733.044
#OBS_survey_fleet_bio_se
 0.2
 0.2
 0.2
 0.2
 0.2
 0.2
 0.2
 0.2
 0.2
 0.2
 0.2
 0.2
 0.2
 0.2
 0.2
 0.2
 0.2
 0.2
 0.2
 0.2
 0.2
 0.2
 0.2
 0.2
 0.2
 0.2
 0.2
 0.2
 0.2
 0.2
 0.2
 0.2
 0.2
 0.2
 0.2
 0.2
 0.2
 0.2
 0.2
 0.2
 0.2
 0.2
 0.2
 0.2
 0.2
 0.2
 0.2
 0.2
 0.2
 0.2
 0.2
 0.2
 0.2
 0.2
 0.2
 0.2
 0.2
 0.2
 0.2
 0.2
 0.2
 0.2
 0.2
 0.2
 0.2
 0.2
 0.2
 0.2
 0.2
 0.2
 0.2
 0.2
 0.2
 0.2
 0.2
 0.2
 0.2
 0.2
 0.2
 0.2

#OBS_survey_prop
 0.02 0.05 0.07 0.17 0.17 0.1 0.11 0.06 0.07 0.07 0.03 0.02 0.05 0.01 0
 0.01 0.03 0.13 0.06 0.15 0.16 0.09 0.15 0.06 0.02 0.05 0.04 0.03 0.01 0.01
 0.04 0.08 0.1 0.1 0.18 0.1 0.08 0.08 0.07 0.06 0.02 0.01 0.06 0.01 0.01
 0.05 0.05 0 0.17 0.16 0.1 0.08 0.11 0.12 0.04 0.05 0.03 0 0.02 0.02
 0.1 0.09 0.06 0.06 0.17 0.11 0.14 0.04 0.05 0.08 0.03 0.01 0.01 0 0.05
 0.03 0.12 0.09 0.11 0.01 0.16 0.1 0.05 0.1 0.05 0.08 0.02 0.03 0.03 0.02
 0.1 0.09 0.06 0.18 0.05 0.06 0.15 0.06 0.05 0.02 0.02 0.06 0.03 0.03 0.04
 0.04 0.04 0.1 0.18 0.16 0.09 0.07 0.1 0.05 0.07 0 0.03 0.01 0.01 0.05
 0.08 0.05 0.13 0.11 0.12 0.14 0.04 0 0.09 0.08 0.06 0.01 0.05 0.01 0.03
 0.2 0.05 0.05 0.18 0.11 0.13 0.04 0.02 0.01 0.05 0.06 0.03 0.02 0.03 0.02
 0.14 0.2 0.06 0.05 0.15 0.09 0.11 0.06 0.01 0.01 0.04 0.02 0.01 0.02 0.03
 0.1 0.14 0.25 0.05 0.08 0.09 0.07 0.13 0.03 0.01 0 0.01 0.01 0 0.03
 0.07 0.06 0.1 0.29 0.07 0.08 0.08 0.09 0.04 0.07 0.03 0 0.02 0 0
 0.03 0.15 0.12 0.18 0.25 0.05 0.03 0.03 0.08 0.04 0 0.02 0 0.01 0.01
 0.07 0.08 0.17 0.14 0.2 0.18 0.01 0.02 0.05 0.01 0.02 0.04 0.01 0 0
 0.06 0.12 0.13 0.13 0.18 0.14 0.2 0.02 0.01 0 0.01 0 0 0 0
 0.15 0.17 0.16 0.07 0.2 0.04 0.09 0.09 0.02 0 0.01 0 0 0 0
 0.03 0.16 0.16 0.26 0.07 0.1 0.09 0.03 0.07 0.01 0.01 0.01 0 0 0
 0.02 0.08 0.15 0.22 0.21 0.09 0.11 0.03 0.02 0.03 0.01 0.01 0.01 0 0.01
 0.14 0.03 0.12 0.2 0.11 0.21 0.06 0.06 0.05 0.01 0 0 0 0.01 0
 0.12 0.13 0.04 0.15 0.17 0.15 0.06 0.05 0.05 0.03 0.04 0.01 0 0 0
 0.21 0.28 0.12 0.04 0.07 0.15 0.04 0.03 0 0.02 0.01 0.01 0.01 0 0.01
 0.18 0.16 0.17 0.14 0.04 0.07 0.1 0.05 0.01 0.04 0.01 0.01 0.01 0.01 0
 0.02 0.2 0.27 0.19 0.14 0.04 0.03 0.08 0.01 0.02 0 0 0 0 0
 0.13 0.03 0.14 0.31 0.21 0.12 0.03 0 0 0.01 0.01 0 0.01 0 0
 0.07 0.12 0.07 0.23 0.2 0.13 0.1 0 0 0.05 0.02 0 0 0 0.01
 0.07 0.19 0.16 0.07 0.19 0.16 0.09 0.02 0 0.01 0.01 0.01 0.01 0 0.01
 0.11 0.06 0.16 0.12 0.08 0.21 0.17 0.04 0.03 0 0.02 0 0 0 0
 0.06 0.02 0.22 0.23 0.17 0.02 0.12 0.06 0.04 0.02 0.01 0 0.02 0.01 0
 0.05 0.1 0.12 0.14 0.19 0.14 0.05 0.12 0.06 0.01 0.01 0 0 0.01 0
 0.06 0.1 0.11 0.07 0.1 0.27 0.09 0.01 0.08 0.05 0.03 0.02 0 0 0.01
 0.11 0.06 0.19 0.11 0.1 0.12 0.13 0.09 0.03 0.02 0.03 0 0.01 0 0
 0.07 0.12 0.12 0.14 0.2 0.13 0.09 0.06 0.02 0 0.03 0.02 0 0 0
 0.02 0.1 0.14 0.15 0.22 0.16 0.03 0.03 0.05 0.05 0.01 0.01 0 0.02 0.01
 0.12 0.03 0.14 0.31 0.1 0.14 0.09 0.01 0.02 0.02 0.02 0 0 0 0
 0.07 0.15 0.04 0.13 0.18 0.17 0.09 0.08 0.03 0.01 0.03 0.02 0 0 0
 0.07 0.1 0.25 0.05 0.15 0.14 0.04 0.07 0.09 0.01 0.01 0.02 0 0 0
 0.12 0.08 0.13 0.19 0.07 0.12 0.11 0.05 0.07 0.02 0 0 0 0.01 0.03
 0.08 0.1 0.17 0.12 0.25 0.04 0.06 0.09 0.03 0.02 0.01 0.02 0 0 0.01
 0.07 0.06 0.12 0.15 0.15 0.19 0.03 0.06 0.09 0.02 0.04 0.02 0 0 0
 0.01 0.08 0.1 0.08 0.17 0.16 0.09 0.03 0.09 0.03 0.01 0.05 0.04 0.02 0.04
 0 0.04 0.13 0.06 0.12 0.1 0.15 0.12 0.05 0.08 0.04 0.03 0.04 0.01 0.03
 0.02 0.02 0.13 0.18 0.14 0.07 0.13 0.09 0.04 0.06 0.06 0.04 0.01 0 0.01
 0.01 0.03 0.02 0.14 0.11 0.1 0.14 0.1 0.04 0.07 0.05 0.07 0.02 0.01 0.09
 0.02 0.11 0.05 0.01 0.12 0.17 0.12 0.09 0.03 0.04 0.07 0.02 0.02 0.01 0.12
 0 0.06 0.06 0.07 0.08 0.15 0.13 0.14 0.07 0.02 0.01 0.05 0.05 0 0.11
 0.04 0.05 0.08 0.06 0.09 0.02 0.14 0.14 0.05 0.06 0.07 0.05 0.06 0.03 0.06
 0 0.06 0.1 0.14 0.16 0.07 0.05 0.16 0.06 0.05 0.02 0.04 0.02 0.02 0.05
 0 0 0.08 0.12 0.22 0.09 0.07 0.05 0.05 0.08 0.07 0.03 0.02 0.04 0.08
 0.03 0 0.02 0.14 0.18 0.21 0.1 0.05 0.01 0.06 0.1 0.02 0.05 0 0.03
 0.02 0.08 0.02 0.04 0.25 0.14 0.17 0.09 0.03 0 0.06 0 0.03 0.02 0.05
 0.01 0.1 0.2 0.07 0.08 0.12 0.06 0.1 0.07 0.03 0.03 0.01 0.03 0.03 0.06
 0.05 0.02 0.17 0.21 0.07 0.08 0.1 0.09 0.08 0.03 0.02 0 0.01 0.03 0.04
 0.02 0.13 0.11 0.13 0.28 0.06 0.07 0.06 0.04 0.05 0.01 0 0 0.01 0.03
 0.04 0.06 0.19 0.14 0.14 0.21 0.02 0.01 0.04 0.06 0.01 0.01 0.01 0 0.06
 0.05 0.02 0.11 0.23 0.1 0.18 0.21 0.03 0.02 0 0 0.01 0.03 0.01 0
 0.04 0.04 0.17 0.1 0.27 0.1 0.09 0.12 0.02 0.01 0.01 0.02 0 0.01 0
 0.02 0.11 0.08 0.16 0.09 0.2 0.1 0.09 0.1 0.01 0.02 0 0 0 0.02
 0.01 0.08 0.22 0.14 0.17 0.09 0.13 0.07 0.01 0.03 0 0 0.02 0.01 0.02
 0.03 0.04 0.13 0.24 0.15 0.15 0.08 0.09 0.05 0.01 0.02 0 0 0 0.01
 0.02 0.12 0.1 0.11 0.3 0.12 0.11 0.04 0.02 0.03 0.01 0 0.01 0 0.01
 0.08 0.1 0.18 0.07 0.12 0.24 0.1 0.05 0.03 0 0.01 0 0.01 0 0.01
 0.09 0.18 0.15 0.19 0.07 0.13 0.07 0.05 0.01 0.01 0.02 0.01 0.01 0 0.01
 0.01 0.16 0.17 0.27 0.16 0.07 0.06 0.05 0 0.01 0.02 0.01 0 0 0.01
 0.04 0.05 0.22 0.3 0.17 0.09 0.02 0.04 0.03 0.02 0.02 0 0 0 0
 0.05 0.09 0.04 0.32 0.21 0.17 0.04 0.01 0.04 0.01 0 0 0.01 0 0.01
 0.05 0.16 0.12 0.03 0.26 0.2 0.1 0 0.04 0 0.02 0.01 0 0 0.01
 0.04 0.12 0.17 0.22 0.04 0.17 0.13 0.03 0.05 0.02 0.01 0 0 0 0
 0.02 0.03 0.09 0.18 0.25 0.06 0.2 0.08 0.05 0.01 0 0.01 0 0 0.02
 0.05 0.06 0.1 0.14 0.26 0.14 0.02 0.13 0.07 0.03 0 0 0 0 0
 0.03 0.11 0.16 0.14 0.11 0.12 0.11 0.02 0.12 0.02 0.02 0.02 0 0.01 0.01
 0.04 0.08 0.07 0.2 0.1 0.15 0.19 0.08 0 0.01 0.03 0.04 0 0 0.01
 0 0.12 0.06 0.22 0.21 0.08 0.09 0.06 0.09 0.02 0 0.02 0.02 0 0.01
 0.01 0.05 0.11 0.12 0.2 0.2 0.06 0.12 0.05 0.04 0 0.01 0.03 0 0
 0.05 0.01 0.1 0.17 0.1 0.24 0.12 0.05 0.05 0.06 0.05 0 0 0 0
 0.03 0.06 0.03 0.18 0.18 0.12 0.1 0.1 0.05 0.06 0.05 0.04 0 0 0
 0.02 0.09 0.14 0.05 0.12 0.1 0.13 0.15 0.09 0.04 0.05 0.02 0 0 0
 0.02 0.12 0.07 0.24 0.03 0.09 0.19 0.07 0.11 0.02 0.02 0.02 0 0 0
 0.03 0.09 0.17 0.08 0.21 0.08 0.1 0.08 0.08 0.02 0.02 0.01 0.01 0.01 0.01
 0.01 0.04 0.12 0.09 0.11 0.3 0.04 0.04 0.1 0.05 0.02 0.04 0 0 0.04
#OBS_survey_prop_N
 50
 50
 50
 50
 50
 50
 50
 50
 50
 50
 50
 50
 50
 50
 50
 50
 50
 50
 50
 50
 50
 50
 50
 50
 50
 50
 50
 50
 50
 50
 50
 50
 50
 50
 50
 50
 50
 50
 50
 50
 50
 50
 50
 50
 50
 50
 50
 50
 50
 50
 50
 50
 50
 50
 50
 50
 50
 50
 50
 50
 50
 50
 50
 50
 50
 50
 50
 50
 50
 50
 50
 50
 50
 50
 50
 50
 50
 50
 50
 50

#OBS_yield_fleet
 170.135
 162.674
 178.998
 157.547
 150.814
 139.344
 158.644
 139.135
 130.107
 118.416
 134.958
 132.291
 135.768
 136.752
 137.112
 138.835
 132.898
 124.274
 106.933
 102.708
 101.198
 95.4622
 87.6742
 104.218
 120.833
 108.855
 104.668
 108.88
 72.9655
 87.9295
 79.104
 78.5606
 58.5042
 55.5467
 57.6618
 58.6174
 54.5059
 88.6538
 60.4851
 58.2233
 207.499
 221.634
 268.244
 254.346
 234.442
 235.5
 227.161
 238.294
 188.48
 190.562
 176.663
 182.659
 185.538
 189.777
 177.219
 184.508
 163.425
 163.542
 176.766
 150.282
 144.253
 121.825
 113.085
 132.261
 139.669
 150.842
 152.494
 138.685
 131.101
 123.966
 130.876
 126.538
 96.5953
 84.3822
 48.9988
 82.7335
 107.573
 55.6356
 65.1009
 54.2303
#OBS_yield_fleet_se
 0.05
 0.05
 0.05
 0.05
 0.05
 0.05
 0.05
 0.05
 0.05
 0.05
 0.05
 0.05
 0.05
 0.05
 0.05
 0.05
 0.05
 0.05
 0.05
 0.05
 0.05
 0.05
 0.05
 0.05
 0.05
 0.05
 0.05
 0.05
 0.05
 0.05
 0.05
 0.05
 0.05
 0.05
 0.05
 0.05
 0.05
 0.05
 0.05
 0.05
 0.05
 0.05
 0.05
 0.05
 0.05
 0.05
 0.05
 0.05
 0.05
 0.05
 0.05
 0.05
 0.05
 0.05
 0.05
 0.05
 0.05
 0.05
 0.05
 0.05
 0.05
 0.05
 0.05
 0.05
 0.05
 0.05
 0.05
 0.05
 0.05
 0.05
 0.05
 0.05
 0.05
 0.05
 0.05
 0.05
 0.05
 0.05
 0.05
 0.05

#OBS_catch_prop
 0.06 0.07 0.14 0.07 0.1 0.09 0.08 0.07 0.06 0.05 0.08 0.06 0.02 0.05 0
 0.01 0.03 0.04 0.11 0.19 0.17 0.1 0.1 0.06 0.07 0.08 0.01 0.01 0.01 0.01
 0.05 0.05 0.12 0.11 0.11 0.15 0.12 0.07 0.05 0.06 0.04 0.02 0.01 0.03 0.01
 0.11 0.06 0 0.09 0.2 0.08 0.09 0.11 0.06 0.04 0.04 0.03 0.04 0.01 0.04
 0.07 0.06 0.02 0.07 0.13 0.15 0.1 0.11 0.08 0.06 0.04 0.03 0.04 0 0.04
 0.04 0.08 0.09 0.1 0.04 0.15 0.13 0.04 0.1 0.06 0.07 0.02 0.04 0.01 0.03
 0.09 0.09 0.15 0.14 0.08 0.03 0.06 0.11 0.09 0.04 0.04 0.03 0.02 0.02 0.01
 0.03 0.16 0.14 0.16 0.12 0.06 0.03 0.09 0.03 0.03 0.04 0.01 0.05 0 0.05
 0.03 0.03 0.15 0.17 0.18 0.14 0.03 0.02 0.08 0.07 0.03 0.02 0.02 0.02 0.01
 0.17 0.08 0.05 0.16 0.17 0.14 0.07 0.04 0.01 0.06 0.01 0 0.01 0.02 0.01
 0.09 0.17 0.07 0.04 0.17 0.13 0.06 0.06 0.01 0.02 0.06 0.01 0.03 0.05 0.03
 0.09 0.11 0.23 0.1 0.09 0.07 0.09 0.08 0.08 0.01 0 0.02 0.01 0.01 0.01
 0.14 0.03 0.16 0.35 0.04 0.07 0.07 0.03 0.01 0.02 0.02 0.03 0.03 0 0
 0.13 0.21 0.05 0.12 0.19 0.08 0.06 0.03 0.01 0.04 0.02 0 0.01 0.02 0.03
 0.11 0.05 0.24 0.1 0.16 0.18 0.05 0.02 0.04 0.01 0.02 0.02 0 0 0
 0.11 0.13 0.09 0.21 0.1 0.12 0.15 0.02 0.01 0.03 0.01 0.01 0 0 0.01
 0.16 0.1 0.2 0.06 0.22 0.08 0.04 0.08 0 0.02 0.01 0.01 0 0 0.02
 0.1 0.14 0.11 0.17 0.11 0.16 0.04 0.09 0.06 0 0.01 0.01 0 0 0
 0.03 0.12 0.17 0.16 0.2 0.11 0.06 0.06 0.05 0.03 0.01 0 0 0 0
 0.08 0.1 0.13 0.25 0.16 0.09 0.07 0.06 0.02 0.02 0.01 0 0 0.01 0
 0.08 0.17 0.06 0.14 0.18 0.09 0.13 0.04 0.03 0.03 0.03 0.01 0 0 0.01
 0.18 0.15 0.19 0.12 0.07 0.13 0.05 0.02 0.03 0 0.03 0.01 0.02 0 0
 0.26 0.21 0.14 0.15 0.06 0.06 0.07 0.01 0.02 0.01 0 0.01 0 0 0
 0.07 0.2 0.18 0.23 0.18 0.04 0.03 0.05 0.01 0.01 0 0 0 0 0
 0.08 0.04 0.29 0.24 0.12 0.11 0.03 0.05 0.02 0.01 0.01 0 0 0 0
 0.14 0.16 0.03 0.31 0.17 0.09 0.05 0.02 0.01 0.02 0 0 0 0 0
 0.13 0.23 0.1 0.05 0.14 0.23 0.04 0.04 0 0.02 0.01 0.01 0 0 0
 0.07 0.13 0.24 0.11 0.05 0.2 0.07 0.05 0.03 0.01 0.03 0 0.01 0 0
 0.09 0.05 0.14 0.25 0.1 0.08 0.11 0.08 0.02 0.05 0 0.03 0 0 0
 0.09 0.16 0.11 0.06 0.12 0.19 0.05 0.11 0.08 0.02 0 0.01 0 0 0
 0.08 0.1 0.24 0.15 0.08 0.11 0.09 0.01 0.08 0.03 0.01 0 0.02 0 0
 0.09 0.1 0.06 0.18 0.07 0.14 0.13 0.1 0.03 0.03 0.04 0.03 0 0 0
 0.03 0.14 0.17 0.19 0.16 0.06 0.07 0.06 0.06 0 0.03 0 0.03 0 0
 0.04 0.12 0.21 0.09 0.18 0.12 0.06 0.03 0.06 0.05 0.01 0.02 0.01 0 0
 0.14 0.08 0.09 0.17 0.11 0.17 0.11 0 0.04 0.02 0.02 0 0.04 0 0.01
 0.11 0.15 0.05 0.1 0.2 0.13 0.11 0.1 0.01 0.01 0.01 0 0 0.01 0.01
 0.11 0.11 0.17 0.06 0.13 0.12 0.1 0.1 0.03 0.02 0.01 0.01 0.02 0 0.01
 0.11 0.1 0.08 0.21 0.04 0.06 0.2 0.05 0.04 0.02 0.03 0.04 0 0.01 0.01
 0.05 0.1 0.15 0.11 0.21 0.07 0.13 0.02 0.04 0.05 0.02 0.01 0.02 0.01 0.01
 0.09 0.07 0.12 0.23 0.09 0.1 0.04 0.03 0.08 0.05 0.04 0.01 0 0.03 0.02
 0.034 0.062 0.083 0.115 0.109 0.137 0.093 0.094 0.066 0.057 0.046 0.039 0.033 0.016 0.016
 0.004 0.056 0.094 0.126 0.108 0.133 0.105 0.092 0.084 0.042 0.039 0.029 0.03 0.013 0.045
 0.01 0.016 0.104 0.127 0.113 0.126 0.1 0.094 0.07 0.051 0.046 0.037 0.033 0.022 0.051
 0.023 0.033 0.034 0.136 0.152 0.136 0.097 0.097 0.063 0.053 0.048 0.03 0.027 0.014 0.057
 0.021 0.05 0.048 0.03 0.154 0.15 0.114 0.089 0.078 0.059 0.054 0.026 0.023 0.02 0.084
 0.021 0.065 0.111 0.072 0.047 0.154 0.132 0.067 0.068 0.069 0.036 0.043 0.019 0.016 0.08
 0.019 0.056 0.133 0.132 0.078 0.035 0.131 0.084 0.071 0.063 0.035 0.028 0.026 0.019 0.09
 0.007 0.046 0.111 0.186 0.131 0.092 0.036 0.091 0.076 0.04 0.039 0.04 0.018 0.018 0.069
 0.016 0.017 0.095 0.147 0.184 0.14 0.073 0.028 0.078 0.064 0.032 0.036 0.017 0.016 0.057
 0.049 0.03 0.052 0.147 0.15 0.165 0.115 0.058 0.024 0.046 0.044 0.027 0.018 0.012 0.063
 0.029 0.15 0.047 0.065 0.132 0.146 0.15 0.085 0.03 0.015 0.028 0.022 0.024 0.016 0.061
 0.017 0.078 0.213 0.078 0.08 0.126 0.089 0.118 0.053 0.021 0.006 0.025 0.024 0.01 0.062
 0.042 0.046 0.161 0.271 0.064 0.056 0.098 0.068 0.07 0.032 0.015 0.003 0.02 0.014 0.04
 0.023 0.094 0.079 0.176 0.29 0.067 0.042 0.062 0.048 0.043 0.018 0.013 0.005 0.008 0.032
 0.03 0.042 0.155 0.106 0.171 0.264 0.048 0.029 0.047 0.023 0.033 0.013 0.004 0 0.035
 0.033 0.081 0.087 0.206 0.136 0.132 0.183 0.028 0.022 0.017 0.015 0.02 0.01 0.005 0.025
 0.053 0.083 0.124 0.107 0.212 0.077 0.105 0.137 0.014 0.019 0.022 0.008 0.016 0.007 0.016
 0.023 0.099 0.115 0.17 0.111 0.206 0.05 0.074 0.077 0.014 0.014 0.018 0.009 0.004 0.016
 0.014 0.07 0.17 0.158 0.196 0.086 0.124 0.053 0.037 0.041 0.014 0.007 0.006 0.005 0.019
 0.034 0.039 0.12 0.211 0.147 0.163 0.07 0.094 0.027 0.043 0.032 0.005 0.002 0.005 0.008
 0.054 0.108 0.061 0.148 0.217 0.13 0.114 0.046 0.052 0.015 0.022 0.018 0.001 0.002 0.012
 0.079 0.115 0.156 0.063 0.158 0.185 0.078 0.07 0.025 0.037 0.007 0.012 0.004 0 0.011
 0.085 0.188 0.161 0.156 0.063 0.098 0.101 0.045 0.043 0.013 0.024 0.005 0.006 0.008 0.004
 0.013 0.158 0.237 0.193 0.151 0.05 0.069 0.067 0.021 0.018 0.002 0.006 0.005 0.004 0.006
 0.036 0.023 0.246 0.275 0.156 0.114 0.032 0.037 0.041 0.016 0.009 0.004 0.003 0.002 0.006
 0.051 0.075 0.044 0.297 0.264 0.128 0.057 0.014 0.017 0.029 0.006 0.008 0.002 0.002 0.006
 0.032 0.091 0.145 0.065 0.261 0.222 0.096 0.039 0.011 0.012 0.006 0.006 0.003 0.003 0.008
 0.017 0.061 0.183 0.175 0.069 0.205 0.159 0.075 0.025 0.006 0.004 0.009 0.008 0 0.004
 0.031 0.046 0.107 0.237 0.18 0.063 0.155 0.098 0.045 0.022 0.003 0.003 0.006 0.002 0.002
 0.036 0.076 0.071 0.165 0.235 0.158 0.027 0.119 0.062 0.028 0.015 0.003 0.001 0.001 0.003
 0.031 0.097 0.159 0.098 0.147 0.196 0.105 0.031 0.063 0.041 0.023 0.004 0 0.001 0.004
 0.041 0.064 0.128 0.195 0.095 0.136 0.142 0.077 0.028 0.037 0.034 0.012 0.004 0.001 0.006
 0.022 0.089 0.108 0.203 0.174 0.087 0.085 0.101 0.055 0.017 0.032 0.014 0.007 0.003 0.003
 0.015 0.074 0.159 0.137 0.176 0.166 0.068 0.075 0.055 0.025 0.005 0.021 0.011 0.004 0.009
 0.04 0.029 0.111 0.226 0.136 0.172 0.089 0.047 0.051 0.045 0.02 0.003 0.013 0.011 0.007
 0.019 0.091 0.046 0.153 0.212 0.121 0.132 0.085 0.04 0.027 0.033 0.017 0.003 0.01 0.011
 0.037 0.07 0.201 0.082 0.127 0.163 0.097 0.08 0.055 0.018 0.019 0.015 0.013 0.003 0.02
 0.039 0.071 0.101 0.227 0.074 0.129 0.136 0.068 0.051 0.04 0.02 0.012 0.016 0.008 0.008
 0.018 0.074 0.125 0.143 0.216 0.056 0.099 0.091 0.042 0.047 0.028 0.012 0.007 0.017 0.025
 0.024 0.043 0.133 0.166 0.123 0.2 0.054 0.07 0.073 0.034 0.034 0.017 0.006 0.006 0.017
#OBS_catch_prop_N
 100
 100
 100
 100
 100
 100
 100
 100
 100
 100
 100
 100
 100
 100
 100
 100
 100
 100
 100
 100
 100
 100
 100
 100
 100
 100
 100
 100
 100
 100
 100
 100
 100
 100
 100
 100
 100
 100
 100
 100
 100
 100
 100
 100
 100
 100
 100
 100
 100
 100
 100
 100
 100
 100
 100
 100
 100
 100
 100
 100
 100
 100
 100
 100
 100
 100
 100
 100
 100
 100
 100
 100
 100
 100
 100
 100
 100
 100
 100
 100

#nyrs_release
5
#years_of_tag_releases 
 1 3 5 7 9
#max_life_tags
4
#report_rate
 1 1
 1 1
 1 1
 1 1
 1 1
#ntags
 0.481342 0.972154 1.7942 2.89363 3.99306 4.81511 5.30592 5.5606 5.68317 5.74002 5.76594 5.77766 5.78295 5.78532 5.78639
 0.30808 0.622221 1.14837 1.85205 2.55574 3.08188 3.39602 3.55903 3.63748 3.67387 3.69046 3.69796 3.70134 3.70286 3.70354
 0.29435 0.59449 1.09719 1.76951 2.44183 2.94453 3.24467 3.40041 3.47536 3.51013 3.52598 3.53315 3.53638 3.53783 3.53849
 0.259748 0.524606 0.968208 1.5615 2.15479 2.59839 2.86325 3.00068 3.06682 3.0975 3.11149 3.11781 3.12066 3.12195 3.12252
 0.182412 0.368413 0.679941 1.09659 1.51324 1.82476 2.01076 2.10728 2.15373 2.17527 2.1851 2.18954 2.19154 2.19244 2.19285
 0.605102 1.22211 2.25551 3.63762 5.01974 6.05314 6.67015 6.99031 7.14439 7.21586 7.24844 7.26318 7.26982 7.27281 7.27415
 0.46023 0.929514 1.7155 2.76671 3.81792 4.60391 5.0732 5.3167 5.4339 5.48826 5.51304 5.52425 5.5293 5.53157 5.53259
 0.449879 0.908608 1.67692 2.70449 3.73205 4.50036 4.95909 5.19712 5.31168 5.36482 5.38904 5.4 5.40494 5.40716 5.40816
 0.389136 0.785928 1.4505 2.33933 3.22815 3.89273 4.28952 4.49541 4.5945 4.64046 4.66142 4.67089 4.67516 4.67709 4.67795
 0.270966 0.547262 1.01002 1.62894 2.24785 2.71061 2.9869 3.13027 3.19927 3.23128 3.24587 3.25247 3.25544 3.25678 3.25738
#ntags_total
 149.28 105.567 102.259 89.1581 62.2952
#tag_N
 100 100 100 100 100 100 100 100 100 100 100 100 100 100 100
 100 100 100 100 100 100 100 100 100 100 100 100 100 100 100
 100 100 100 100 100 100 100 100 100 100 100 100 100 100 100
 100 100 100 100 100 100 100 100 100 100 100 100 100 100 100
 100 100 100 100 100 100 100 100 100 100 100 100 100 100 100
 100 100 100 100 100 100 100 100 100 100 100 100 100 100 100
 100 100 100 100 100 100 100 100 100 100 100 100 100 100 100
 100 100 100 100 100 100 100 100 100 100 100 100 100 100 100
 100 100 100 100 100 100 100 100 100 100 100 100 100 100 100
 100 100 100 100 100 100 100 100 100 100 100 100 100 100 100

#input_T
 0.7 0.3
 0.7 0.3
 0.7 0.3
 0.7 0.3
 0.7 0.3
 0.7 0.3
 0.7 0.3
 0.7 0.3
 0.7 0.3
 0.7 0.3
 0.7 0.3
 0.7 0.3
 0.7 0.3
 0.7 0.3
 0.2 0.8
 0.2 0.8
 0.2 0.8
 0.2 0.8
 0.2 0.8
 0.2 0.8
 0.2 0.8
 0.2 0.8
 0.2 0.8
 0.2 0.8
 0.2 0.8
 0.2 0.8
 0.2 0.8
 0.2 0.8
 0.2 0.8
 0.2 0.8


#OBS_tag_prop_final
 0.012 0 0.016 0.006 0.028 0.01 0.01 0.016 0.902
 0.008 0.004 0.016 0.028 0.02 0.02 0.022 0.014 0.868
 0.016 0.008 0.026 0.028 0.026 0.042 0.016 0.026 0.812
 0.042 0.02 0.03 0.016 0.016 0.04 0.026 0.024 0.786
 0.05 0.028 0.032 0.024 0.028 0.022 0.02 0.018 0.778
 0.056 0.022 0.02 0.022 0.016 0.02 0.01 0.018 0.816
 0.06 0.02 0.044 0.04 0.018 0.032 0.014 0.024 0.748
 0.054 0.022 0.036 0.028 0.038 0.028 0.016 0.016 0.762
 0.062 0.024 0.04 0.028 0.02 0.04 0.022 0.028 0.736
 0.046 0.016 0.042 0.014 0.036 0.03 0.014 0.03 0.772
 0.042 0.026 0.032 0.036 0.028 0.032 0.006 0.046 0.752
 0.044 0.026 0.034 0.024 0.008 0.042 0.006 0.038 0.778
 0.046 0.016 0.014 0.054 0.004 0.04 0.01 0.02 0.796
 0.066 0.02 0.014 0.052 0.006 0.048 0.008 0.04 0.746
 0.018 0.058 0.016 0.044 0.008 0.05 0.012 0.034 0.76
 0.014 0 0.02 0.008 0.02 0.02 0.01 0.014 0.894
 0.01 0.012 0.016 0.008 0.032 0.028 0.02 0.024 0.85
 0.022 0.014 0.03 0.028 0.034 0.04 0.018 0.04 0.774
 0.06 0.014 0.036 0.028 0.03 0.028 0.018 0.036 0.75
 0.048 0.018 0.044 0.03 0.022 0.034 0.016 0.022 0.766
 0.062 0.034 0.046 0.04 0.032 0.034 0.024 0.036 0.692
 0.07 0.03 0.048 0.048 0.028 0.034 0.018 0.024 0.7
 0.048 0.032 0.042 0.05 0.03 0.04 0.016 0.026 0.716
 0.064 0.02 0.048 0.044 0.044 0.04 0.026 0.024 0.69
 0.056 0.022 0.048 0.048 0.024 0.028 0.032 0.018 0.724
 0.066 0.028 0.036 0.034 0.02 0.036 0.01 0.024 0.746
 0.074 0.04 0.06 0.028 0.012 0.058 0.006 0.03 0.692
 0.074 0.038 0.018 0.062 0.022 0.05 0.002 0.04 0.694
 0.08 0.038 0.02 0.066 0.018 0.048 0.006 0.034 0.69
 0.014 0.08 0.018 0.068 0.016 0.078 0.016 0.028 0.682
 0.002 0 0.014 0.008 0.028 0.02 0.016 0.044 0.868
 0.008 0.01 0.02 0.034 0.016 0.024 0.014 0.038 0.836
 0.014 0.01 0.048 0.028 0.044 0.026 0.022 0.038 0.77
 0.046 0.018 0.042 0.026 0.016 0.03 0.038 0.032 0.752
 0.048 0.032 0.044 0.054 0.048 0.02 0.024 0.036 0.694
 0.07 0.034 0.038 0.04 0.02 0.054 0.026 0.038 0.68
 0.078 0.034 0.042 0.038 0.03 0.036 0.014 0.032 0.696
 0.096 0.04 0.058 0.06 0.034 0.02 0.026 0.036 0.63
 0.08 0.036 0.04 0.062 0.048 0.024 0.026 0.05 0.634
 0.074 0.036 0.068 0.03 0.024 0.04 0.02 0.028 0.68
 0.08 0.05 0.05 0.048 0.036 0.048 0.004 0.048 0.636
 0.08 0.04 0.048 0.046 0.02 0.052 0.008 0.034 0.672
 0.078 0.018 0.012 0.078 0.018 0.092 0.006 0.026 0.672
 0.11 0.044 0.014 0.09 0.01 0.054 0.012 0.028 0.638
 0.024 0.128 0.008 0.048 0.018 0.062 0.004 0.032 0.676
 0.016 0 0.034 0.006 0.02 0.016 0.022 0.032 0.854
 0.018 0.004 0.028 0.038 0.032 0.034 0.034 0.046 0.766
 0.034 0.012 0.036 0.03 0.04 0.036 0.018 0.03 0.764
 0.054 0.026 0.05 0.048 0.04 0.026 0.028 0.032 0.696
 0.066 0.028 0.078 0.056 0.03 0.028 0.018 0.028 0.668
 0.074 0.04 0.05 0.042 0.04 0.024 0.03 0.014 0.686
 0.104 0.054 0.062 0.054 0.036 0.028 0.012 0.018 0.632
 0.104 0.046 0.062 0.05 0.052 0.044 0.008 0.038 0.596
 0.122 0.054 0.062 0.038 0.036 0.028 0.02 0.028 0.612
 0.108 0.04 0.056 0.05 0.038 0.038 0.022 0.032 0.616
 0.114 0.056 0.062 0.064 0.042 0.028 0.016 0.038 0.58
 0.114 0.058 0.042 0.03 0.01 0.046 0.012 0.04 0.648
 0.116 0.048 0.024 0.096 0.016 0.054 0.004 0.04 0.602
 0.094 0.052 0.022 0.11 0.016 0.034 0.004 0.028 0.64
 0.032 0.12 0.018 0.09 0.008 0.06 0.01 0.04 0.622
 0.014 0 0.03 0.006 0.026 0.032 0.036 0.026 0.83
 0.016 0.012 0.028 0.036 0.044 0.036 0.038 0.054 0.736
 0.048 0.02 0.038 0.03 0.034 0.024 0.034 0.032 0.74
 0.062 0.028 0.054 0.05 0.03 0.046 0.032 0.028 0.67
 0.084 0.036 0.07 0.052 0.04 0.046 0.02 0.034 0.618
 0.098 0.04 0.044 0.048 0.04 0.038 0.028 0.054 0.61
 0.132 0.036 0.052 0.046 0.03 0.032 0.024 0.024 0.624
 0.114 0.07 0.048 0.05 0.026 0.05 0.026 0.028 0.588
 0.132 0.042 0.058 0.068 0.03 0.036 0.022 0.03 0.582
 0.102 0.04 0.058 0.032 0.036 0.03 0.028 0.04 0.634
 0.12 0.046 0.058 0.04 0.03 0.048 0.022 0.056 0.58
 0.126 0.042 0.052 0.034 0.012 0.086 0.006 0.05 0.592
 0.108 0.038 0.016 0.102 0.014 0.086 0.01 0.042 0.584
 0.108 0.038 0.02 0.074 0.016 0.078 0.01 0.05 0.606
 0.024 0.106 0.018 0.102 0.024 0.064 0.01 0.068 0.584
 0 0.01 0.002 0.016 0.01 0.014 0.01 0.032 0.906
 0.002 0.02 0.008 0.038 0.014 0.018 0.01 0.024 0.866
 0.01 0.022 0.022 0.03 0.008 0.036 0.018 0.014 0.84
 0.006 0.052 0.014 0.036 0.01 0.032 0.01 0.03 0.81
 0.01 0.046 0.026 0.046 0.022 0.04 0.012 0.034 0.764
 0.016 0.07 0.032 0.058 0.014 0.026 0.036 0.018 0.73
 0.022 0.06 0.03 0.046 0.026 0.036 0.02 0.026 0.734
 0.01 0.046 0.024 0.064 0.016 0.03 0.016 0.03 0.764
 0.016 0.058 0.028 0.052 0.026 0.03 0.016 0.028 0.746
 0.008 0.086 0.008 0.024 0.022 0.032 0.014 0.026 0.78
 0.016 0.084 0.014 0.038 0.026 0.028 0.016 0.028 0.75
 0.03 0.078 0.008 0.058 0.008 0.024 0.002 0.044 0.748
 0.016 0.086 0.018 0.056 0.01 0.032 0.004 0.046 0.732
 0.014 0.074 0.01 0.064 0.01 0.05 0.006 0.024 0.748
 0.016 0.064 0.022 0.05 0.016 0.032 0.008 0.022 0.77
 0 0.026 0.004 0.022 0.016 0.038 0.016 0.02 0.858
 0.002 0.016 0.008 0.03 0.014 0.04 0.01 0.026 0.854
 0.002 0.028 0.01 0.038 0.03 0.038 0.01 0.03 0.814
 0.014 0.04 0.02 0.048 0.012 0.038 0.02 0.048 0.76
 0.018 0.056 0.018 0.056 0.018 0.032 0.008 0.022 0.772
 0.026 0.082 0.032 0.058 0.022 0.042 0.016 0.02 0.702
 0.032 0.058 0.026 0.052 0.024 0.04 0.012 0.03 0.726
 0.014 0.08 0.02 0.044 0.022 0.042 0.024 0.03 0.724
 0.018 0.08 0.028 0.04 0.022 0.044 0.018 0.022 0.728
 0.018 0.094 0.032 0.046 0.016 0.042 0.018 0.032 0.702
 0.022 0.084 0.024 0.066 0.022 0.042 0.014 0.038 0.688
 0.02 0.072 0.02 0.054 0.022 0.058 0.01 0.038 0.706
 0.022 0.096 0.016 0.074 0.014 0.042 0.006 0.03 0.7
 0.026 0.096 0.01 0.064 0.006 0.066 0.01 0.036 0.686
 0.014 0.064 0.018 0.084 0.01 0.042 0.008 0.036 0.724
 0 0.008 0.012 0.034 0.02 0.038 0.006 0.046 0.836
 0 0.016 0.008 0.042 0.024 0.044 0.016 0.028 0.822
 0.004 0.028 0.026 0.064 0.026 0.056 0.016 0.036 0.744
 0.008 0.054 0.038 0.068 0.016 0.044 0.016 0.028 0.728
 0.014 0.078 0.018 0.06 0.032 0.026 0.018 0.046 0.708
 0.022 0.082 0.028 0.066 0.032 0.046 0.024 0.032 0.668
 0.018 0.11 0.03 0.074 0.042 0.056 0.012 0.032 0.626
 0.028 0.104 0.032 0.062 0.022 0.052 0.016 0.022 0.662
 0.028 0.094 0.022 0.066 0.032 0.066 0.02 0.032 0.64
 0.032 0.096 0.02 0.048 0.018 0.042 0.018 0.022 0.704
 0.02 0.108 0.028 0.052 0.034 0.056 0 0.036 0.666
 0.022 0.106 0.032 0.074 0.014 0.062 0.016 0.046 0.628
 0.028 0.11 0.008 0.072 0.016 0.07 0.01 0.04 0.646
 0.028 0.11 0.012 0.066 0.016 0.068 0.016 0.044 0.64
 0.024 0.124 0.024 0.064 0.012 0.05 0.012 0.038 0.652
 0 0.016 0.008 0.046 0.028 0.034 0.018 0.034 0.816
 0.002 0.026 0.012 0.038 0.03 0.04 0.02 0.028 0.804
 0.018 0.046 0.012 0.054 0.026 0.036 0.018 0.024 0.766
 0.018 0.078 0.024 0.066 0.03 0.04 0.018 0.028 0.698
 0.012 0.078 0.02 0.084 0.02 0.046 0.028 0.042 0.67
 0.036 0.126 0.036 0.078 0.014 0.048 0.018 0.048 0.596
 0.012 0.134 0.036 0.068 0.008 0.026 0.026 0.036 0.654
 0.026 0.118 0.026 0.08 0.016 0.05 0.012 0.03 0.642
 0.024 0.12 0.052 0.068 0.028 0.034 0.014 0.036 0.624
 0.028 0.158 0.026 0.07 0.024 0.042 0.016 0.024 0.612
 0.036 0.158 0.024 0.08 0.028 0.026 0.008 0.022 0.618
 0.028 0.136 0.024 0.096 0.014 0.044 0.01 0.042 0.606
 0.016 0.128 0.014 0.072 0.02 0.08 0.002 0.03 0.638
 0.028 0.13 0.016 0.104 0.01 0.066 0.006 0.036 0.604
 0.034 0.152 0.03 0.104 0.012 0.032 0.006 0.042 0.588
 0 0.014 0.004 0.042 0.022 0.05 0.024 0.03 0.814
 0.002 0.026 0.016 0.038 0.03 0.02 0.03 0.028 0.81
 0.008 0.036 0.03 0.062 0.016 0.034 0.018 0.04 0.756
 0.018 0.054 0.026 0.092 0.03 0.046 0.03 0.028 0.676
 0.02 0.12 0.03 0.068 0.026 0.06 0.02 0.026 0.63
 0.026 0.078 0.04 0.072 0.032 0.05 0.026 0.028 0.648
 0.032 0.094 0.044 0.064 0.032 0.058 0.016 0.028 0.632
 0.03 0.122 0.022 0.098 0.02 0.054 0.016 0.05 0.588
 0.036 0.108 0.04 0.068 0.03 0.054 0.014 0.042 0.608
 0.04 0.1 0.038 0.078 0.026 0.05 0.018 0.04 0.61
 0.032 0.126 0.042 0.096 0.022 0.062 0.012 0.048 0.56
 0.028 0.128 0.02 0.072 0.012 0.096 0.008 0.04 0.596
 0.028 0.122 0.016 0.102 0.022 0.05 0.008 0.042 0.61
 0.03 0.138 0.03 0.102 0.008 0.04 0.012 0.036 0.604
 0.026 0.142 0.02 0.128 0.004 0.052 0.01 0.052 0.566
#init_abund
 1562.5 1246.43 994.303 793.174 632.729 504.739 402.64 321.193 256.222 204.393 163.048 130.066 103.756 82.7681 66.0256
 1562.5 1246.43 994.303 793.174 632.729 504.739 402.64 321.193 256.222 204.393 163.048 130.066 103.756 82.7681 66.0256

#input_M
 0.226 0.226 0.226 0.226 0.226 0.226 0.226 0.226 0.226 0.226 0.226 0.226 0.226 0.226 0.226
#q_survey
 1
 1
#sel_beta1
 0.8
 0.8
#sel_beta2
 4
 4
#sel_beta3
 -0.6
 -0.6
#sel_beta4
 20
 20
#sel_beta1_survey
 0.8
 0.8
#sel_beta2_survey
 4
 4
#sel_beta3_survey
 -0.6
 -0.6
#sel_beta4_survey
 20
 20
#steep
 0.814
#R_ave
 1556.2
#SSB_zero
 1384.16
#rec_devs
 0.722346 0.508225 0.915907 1.53087 1.6946 1.25319 1.16873 0.552478 0.560904 2.17652 1.2768 0.770196 1.50289 0.723282 1.05141 0.846208 1.16296 0.7146 0.362219 0.861496 1.13745 1.80962 1.81459 0.400269 1.09129 1.40527 0.873339 0.583029 1.00496 1.03167 0.764815 1.11203 0.795383 0.402459 1.36916 0.755212 0.959284 1.06008 0.586977 0.988609
#Rec_Prop
 0.7 0.7 0.7 0.7 0.7 0.7 0.7 0.7 0.7 0.7 0.7 0.7 0.7 0.7 0.7 0.7 0.7 0.7 0.7 0.7 0.7 0.7 0.7 0.7 0.7 0.7 0.7 0.7 0.7 0.7 0.7 0.7 0.7 0.7 0.7 0.7 0.7 0.7 0.7 0.7
 0.3 0.3 0.3 0.3 0.3 0.3 0.3 0.3 0.3 0.3 0.3 0.3 0.3 0.3 0.3 0.3 0.3 0.3 0.3 0.3 0.3 0.3 0.3 0.3 0.3 0.3 0.3 0.3 0.3 0.3 0.3 0.3 0.3 0.3 0.3 0.3 0.3 0.3 0.3 0.3
#recruits_BM
 1562.5 553.629 997.732 1667.63 1846 1365.15 1273.14 601.835 611.014 2370.97 1390.86 839.003 1637.15 787.898 1145.34 921.806 1266.86 778.441 394.579 938.46 1239.07 1971.29 1976.7 436.028 1188.78 1530.81 951.361 635.115 1094.74 1123.84 833.142 1211.37 866.44 438.413 1491.48 822.68 1044.98 1154.79 639.416 1076.93
 1562.5 237.27 427.599 714.7 791.141 585.064 545.632 257.929 261.863 1016.13 596.084 359.573 701.636 337.671 490.858 395.06 542.94 333.618 169.105 402.197 531.03 844.837 847.159 186.869 509.478 656.062 407.726 272.192 469.173 481.645 357.061 519.159 371.332 187.891 639.207 352.577 447.85 494.91 274.035 461.541
#F
 0.00831727 0.0167982 0.0310026 0.05 0.0689974 0.0832018 0.0916827 0.0960834 0.0982014 0.0991837 0.0996316 0.0998341 0.0999254 0.0999665 0.0999849
 0.0093224 0.0188282 0.0347492 0.0560425 0.0773357 0.0932567 0.102763 0.107695 0.110069 0.11117 0.111672 0.111899 0.112001 0.112047 0.112068
 0.0103753 0.0209548 0.038674 0.0623722 0.0860705 0.10379 0.114369 0.119859 0.122501 0.123726 0.124285 0.124538 0.124651 0.124703 0.124726
 0.0114677 0.023161 0.0427458 0.0689392 0.0951325 0.114717 0.126411 0.132478 0.135398 0.136753 0.13737 0.13765 0.137775 0.137832 0.137858
 0.012135 0.0245086 0.045233 0.0729504 0.100668 0.121392 0.133766 0.140186 0.143277 0.14471 0.145363 0.145659 0.145792 0.145852 0.145879
 0.0127429 0.0257365 0.047499 0.076605 0.105711 0.127474 0.140467 0.147209 0.150454 0.151959 0.152646 0.152956 0.153096 0.153159 0.153187
 0.0149841 0.0302629 0.055853 0.0900781 0.124303 0.149893 0.165172 0.1731 0.176916 0.178686 0.179492 0.179857 0.180022 0.180096 0.180129
 0.0156434 0.0315946 0.0583107 0.0940418 0.129773 0.156489 0.17244 0.180717 0.184701 0.186548 0.187391 0.187772 0.187943 0.188021 0.188055
 0.0169629 0.0342595 0.0632291 0.101974 0.140719 0.169689 0.186985 0.19596 0.20028 0.202283 0.203197 0.20361 0.203796 0.20388 0.203917
 0.016011 0.0323371 0.059681 0.0962518 0.132823 0.160167 0.176493 0.184964 0.189041 0.190932 0.191794 0.192184 0.19236 0.192439 0.192475
 0.01915 0.0386768 0.0713816 0.115122 0.158863 0.191568 0.211094 0.221227 0.226103 0.228365 0.229396 0.229862 0.230073 0.230167 0.23021
 0.0219718 0.0443759 0.0818998 0.132086 0.182271 0.219795 0.242199 0.253825 0.25942 0.262015 0.263198 0.263733 0.263974 0.264083 0.264131
 0.0222527 0.0449432 0.0829468 0.133774 0.184602 0.222605 0.245296 0.25707 0.262736 0.265364 0.266563 0.267105 0.267349 0.267459 0.267508
 0.0229702 0.0463924 0.0856214 0.138088 0.190554 0.229783 0.253205 0.265359 0.271208 0.273921 0.275158 0.275717 0.275969 0.276083 0.276134
 0.0227233 0.0458937 0.084701 0.136603 0.188506 0.227313 0.250483 0.262506 0.268293 0.270977 0.2722 0.272753 0.273003 0.273115 0.273165
 0.028017 0.0565851 0.104433 0.168427 0.23242 0.280268 0.308836 0.32366 0.330794 0.334103 0.335612 0.336294 0.336602 0.33674 0.336802
 0.0298357 0.0602584 0.111212 0.17936 0.247508 0.298462 0.328884 0.34467 0.352268 0.355792 0.357398 0.358125 0.358452 0.3586 0.358666
 0.0290367 0.0586447 0.108234 0.174557 0.24088 0.290469 0.320077 0.335441 0.342835 0.346264 0.347828 0.348535 0.348853 0.348997 0.349061
 0.0255081 0.051518 0.0950812 0.153344 0.211607 0.25517 0.28118 0.294677 0.301172 0.304185 0.305558 0.30618 0.30646 0.306585 0.306642
 0.0268384 0.0542048 0.10004 0.161341 0.222643 0.268478 0.295845 0.310045 0.316879 0.320049 0.321494 0.322148 0.322442 0.322575 0.322634
 0.0286255 0.0578141 0.106701 0.172085 0.237468 0.286355 0.315544 0.33069 0.337979 0.34136 0.342901 0.343598 0.343913 0.344054 0.344118
 0.0271952 0.0549254 0.10137 0.163486 0.225603 0.272047 0.299777 0.314166 0.321091 0.324303 0.325768 0.32643 0.326729 0.326863 0.326923
 0.0261478 0.0528101 0.0974659 0.15719 0.216914 0.26157 0.288232 0.302067 0.308726 0.311814 0.313222 0.313859 0.314146 0.314275 0.314333
 0.0257684 0.0520436 0.0960513 0.154909 0.213766 0.257774 0.284049 0.297683 0.304245 0.307289 0.308676 0.309304 0.309586 0.309714 0.309771
 0.02486 0.0502091 0.0926654 0.149448 0.206231 0.248687 0.274036 0.28719 0.29352 0.296456 0.297795 0.2984 0.298673 0.298796 0.298851
 0.0238144 0.0480973 0.0887679 0.143162 0.197557 0.238227 0.26251 0.275111 0.281175 0.283987 0.28527 0.28585 0.286111 0.286229 0.286281
 0.0212996 0.0430182 0.0793941 0.128045 0.176695 0.213071 0.234789 0.246059 0.251483 0.253999 0.255146 0.255664 0.255898 0.256003 0.25605
 0.021078 0.0425707 0.0785682 0.126712 0.174857 0.210854 0.232347 0.243499 0.248867 0.251356 0.252491 0.253004 0.253236 0.25334 0.253387
 0.0143065 0.0288945 0.0533274 0.0860048 0.118682 0.143115 0.157703 0.165273 0.168916 0.170606 0.171376 0.171724 0.171881 0.171952 0.171984
 0.0182887 0.0369372 0.0681709 0.109944 0.151717 0.182951 0.201599 0.211276 0.215933 0.218093 0.219078 0.219523 0.219724 0.219814 0.219855
 0.0172542 0.0348478 0.0643148 0.103725 0.143135 0.172602 0.190196 0.199325 0.203719 0.205757 0.206686 0.207106 0.207295 0.207381 0.207419
 0.0174534 0.0352502 0.0650574 0.104923 0.144788 0.174595 0.192392 0.201627 0.206071 0.208133 0.209072 0.209497 0.209689 0.209775 0.209814
 0.0125692 0.0253856 0.0468514 0.0755606 0.10427 0.125736 0.138552 0.145202 0.148403 0.149888 0.150564 0.150871 0.151009 0.151071 0.151098
 0.0124984 0.0252426 0.0465876 0.0751352 0.103683 0.125028 0.137772 0.144385 0.147568 0.149044 0.149717 0.150021 0.150158 0.15022 0.150248
 0.0130518 0.0263603 0.0486503 0.0784618 0.108273 0.130563 0.143872 0.150778 0.154101 0.155643 0.156345 0.156663 0.156807 0.156871 0.1569
 0.0110491 0.0223156 0.0411854 0.0664226 0.0916598 0.11053 0.121796 0.127642 0.130456 0.131761 0.132356 0.132625 0.132746 0.132801 0.132825
 0.0102737 0.0207494 0.038295 0.061761 0.085227 0.102773 0.113248 0.118684 0.1213 0.122514 0.123067 0.123317 0.12343 0.123481 0.123503
 0.016356 0.0330338 0.0609669 0.0983257 0.135684 0.163618 0.180295 0.188949 0.193114 0.195046 0.195927 0.196325 0.196505 0.196585 0.196622
 0.0117507 0.0237326 0.0438007 0.0706405 0.0974802 0.117548 0.12953 0.135748 0.13874 0.140128 0.14076 0.141047 0.141176 0.141234 0.14126
 0.0106049 0.0214185 0.0395298 0.0637526 0.0879753 0.106087 0.1169 0.122511 0.125212 0.126464 0.127035 0.127294 0.12741 0.127462 0.127486
 0.00831727 0.0167982 0.0310026 0.05 0.0689974 0.0832018 0.0916827 0.0960834 0.0982014 0.0991837 0.0996316 0.0998341 0.0999254 0.0999665 0.0999849
 0.0090841 0.0183469 0.0338609 0.0546099 0.0753588 0.0908728 0.100136 0.104942 0.107255 0.108328 0.108817 0.109039 0.109138 0.109183 0.109203
 0.0105762 0.0213605 0.0394228 0.0635799 0.0877371 0.105799 0.116584 0.12218 0.124873 0.126122 0.126691 0.126949 0.127065 0.127117 0.127141
 0.0114064 0.0230372 0.0425172 0.0685705 0.0946237 0.114104 0.125735 0.13177 0.134674 0.136021 0.136636 0.136913 0.137039 0.137095 0.13712
 0.0127218 0.0256939 0.0474205 0.0764783 0.105536 0.127263 0.140235 0.146966 0.150206 0.151708 0.152393 0.152703 0.152843 0.152905 0.152934
 0.0134567 0.0271781 0.0501598 0.0808962 0.111633 0.134614 0.148336 0.155456 0.158882 0.160472 0.161196 0.161524 0.161672 0.161738 0.161768
 0.0161289 0.032575 0.0601202 0.09696 0.1338 0.161345 0.177791 0.186325 0.190432 0.192337 0.193206 0.193598 0.193775 0.193855 0.193891
 0.0176523 0.0356519 0.0657989 0.106118 0.146438 0.176585 0.194585 0.203925 0.20842 0.210505 0.211455 0.211885 0.212079 0.212166 0.212205
 0.0161127 0.0325424 0.06006 0.096863 0.133666 0.161184 0.177613 0.186139 0.190242 0.192145 0.193012 0.193405 0.193581 0.193661 0.193697
 0.0182059 0.03677 0.0678624 0.109446 0.151031 0.182123 0.200687 0.21032 0.214956 0.217106 0.218086 0.21853 0.21873 0.21882 0.21886
 0.0193023 0.0389843 0.0719492 0.116037 0.160126 0.193091 0.212773 0.222986 0.227901 0.230181 0.23122 0.23169 0.231902 0.231997 0.23204
 0.0212477 0.0429133 0.0792005 0.127732 0.176264 0.212551 0.234217 0.245459 0.25087 0.253379 0.254523 0.255041 0.255274 0.255379 0.255426
 0.0229193 0.0462895 0.0854316 0.137782 0.190132 0.229274 0.252644 0.264771 0.270607 0.273314 0.274548 0.275106 0.275358 0.275471 0.275522
 0.0219793 0.0443909 0.0819275 0.13213 0.182333 0.21987 0.242281 0.25391 0.259507 0.262103 0.263287 0.263822 0.264063 0.264172 0.264221
 0.0217191 0.0438654 0.0809577 0.130566 0.180175 0.217267 0.239413 0.250905 0.256435 0.259001 0.26017 0.260699 0.260937 0.261045 0.261093
 0.0244396 0.04936 0.0910985 0.146921 0.202743 0.244482 0.269402 0.282333 0.288557 0.291443 0.292759 0.293354 0.293623 0.293743 0.293798
 0.0251881 0.0508717 0.0938883 0.15142 0.208952 0.251969 0.277653 0.29098 0.297394 0.300369 0.301725 0.302338 0.302615 0.302739 0.302795
 0.026472 0.0534647 0.0986741 0.159139 0.219603 0.264813 0.291805 0.305812 0.312553 0.315679 0.317105 0.317749 0.31804 0.318171 0.318229
 0.0291284 0.0588299 0.108576 0.175108 0.24164 0.291387 0.321088 0.3365 0.343917 0.347358 0.348926 0.349636 0.349955 0.350099 0.350164
 0.0279608 0.0564717 0.104224 0.168089 0.231954 0.279706 0.308217 0.323011 0.330131 0.333434 0.334939 0.33562 0.335927 0.336065 0.336127
 0.0285849 0.0577321 0.10655 0.171841 0.237131 0.285949 0.315096 0.33022 0.337499 0.340876 0.342415 0.343111 0.343425 0.343566 0.343629
 0.0273926 0.0553241 0.102106 0.164673 0.22724 0.274022 0.301954 0.316447 0.323422 0.326658 0.328133 0.3288 0.3291 0.329236 0.329297
 0.0264611 0.0534427 0.0986334 0.159073 0.219513 0.264703 0.291685 0.305686 0.312424 0.315549 0.316974 0.317618 0.317909 0.318039 0.318098
 0.0251276 0.0507495 0.093663 0.151057 0.208451 0.251364 0.276986 0.290281 0.29668 0.299648 0.301001 0.301613 0.301888 0.302012 0.302068
 0.0240813 0.0486364 0.089763 0.144767 0.199771 0.240898 0.265453 0.278194 0.284327 0.287171 0.288467 0.289054 0.289318 0.289437 0.289491
 0.0225712 0.0455864 0.0841339 0.135689 0.187244 0.225791 0.248806 0.260749 0.266496 0.269162 0.270378 0.270927 0.271175 0.271286 0.271337
 0.0217666 0.0439615 0.0811349 0.130852 0.180569 0.217742 0.239937 0.251454 0.256997 0.259568 0.26074 0.26127 0.261509 0.261616 0.261665
 0.0209233 0.0422581 0.0779913 0.125782 0.173573 0.209306 0.230641 0.241711 0.247039 0.249511 0.250637 0.251147 0.251376 0.25148 0.251526
 0.020952 0.0423162 0.0780984 0.125955 0.173811 0.209593 0.230958 0.242043 0.247379 0.249853 0.250982 0.251492 0.251722 0.251825 0.251872
 0.0191936 0.0387648 0.0715441 0.115384 0.159224 0.192003 0.211575 0.22173 0.226618 0.228885 0.229918 0.230386 0.230596 0.230691 0.230734
 0.0198311 0.0400524 0.0739203 0.119216 0.164513 0.198381 0.218602 0.229095 0.234144 0.236487 0.237554 0.238037 0.238255 0.238353 0.238397
 0.0189581 0.0382891 0.070666 0.113968 0.15727 0.189647 0.208978 0.219009 0.223836 0.226075 0.227096 0.227558 0.227766 0.22786 0.227902
 0.01503 0.0303556 0.0560241 0.090354 0.124684 0.150352 0.165678 0.17363 0.177458 0.179233 0.180042 0.180408 0.180573 0.180647 0.180681
 0.0130394 0.0263352 0.0486041 0.0783872 0.10817 0.130439 0.143735 0.150634 0.153955 0.155495 0.156197 0.156514 0.156657 0.156722 0.156751
 0.00680442 0.0137427 0.0253634 0.0409054 0.0564473 0.0680681 0.0750063 0.0786066 0.0803393 0.081143 0.0815094 0.0816751 0.0817497 0.0817833 0.0817984
 0.0107059 0.0216224 0.0399061 0.0643593 0.0888126 0.107096 0.118013 0.123677 0.126404 0.127668 0.128244 0.128505 0.128623 0.128676 0.128699
 0.0146603 0.0296091 0.0546463 0.0881319 0.121618 0.146655 0.161603 0.16936 0.173093 0.174825 0.175614 0.175971 0.176132 0.176205 0.176237
 0.00757667 0.0153024 0.028242 0.0455478 0.0628536 0.0757932 0.0835189 0.0875278 0.0894571 0.090352 0.09076 0.0909445 0.0910277 0.0910651 0.0910819
 0.00861074 0.0173909 0.0320965 0.0517642 0.071432 0.0861376 0.0949177 0.0994737 0.101666 0.102683 0.103147 0.103357 0.103451 0.103494 0.103513
 0.00631127 0.0127467 0.0235252 0.0379407 0.0523563 0.0631348 0.0695702 0.0729095 0.0745166 0.0752621 0.0756019 0.0757556 0.0758248 0.075856 0.07587
#Fyear
 0.1
 0.112085
 0.124744
 0.137878
 0.145901
 0.15321
 0.180156
 0.188084
 0.203948
 0.192504
 0.230244
 0.264171
 0.267548
 0.276175
 0.273207
 0.336853
 0.35872
 0.349114
 0.306688
 0.322683
 0.344169
 0.326972
 0.31438
 0.309817
 0.298896
 0.286325
 0.256089
 0.253425
 0.17201
 0.219888
 0.20745
 0.209845
 0.151121
 0.15027
 0.156924
 0.132845
 0.123522
 0.196651
 0.141281
 0.127505
 0.1
 0.10922
 0.12716
 0.137141
 0.152957
 0.161792
 0.19392
 0.212237
 0.193726
 0.218893
 0.232075
 0.255464
 0.275563
 0.26426
 0.261132
 0.293842
 0.302841
 0.318277
 0.350216
 0.336178
 0.343681
 0.329346
 0.318146
 0.302114
 0.289534
 0.271377
 0.261704
 0.251564
 0.25191
 0.230768
 0.238433
 0.227936
 0.180708
 0.156774
 0.0818108
 0.128719
 0.176264
 0.0910956
 0.103528
 0.0758815
#biomass_AM
 2959.8 2585.35 2247.25 2041.24 1932.07 1822.31 1693.88 1499.55 1280.15 1272.73 1325.12 1249.34 1213.46 1154.92 1082.42 1026.7 979.999 921.86 805.025 742.277 755.508 872.498 1048.21 1053.86 1008.42 1041.19 1038.58 973.008 930.922 953.311 931.415 936.901 936.978 888.027 914.786 955.554 973.376 1010.57 981.2 982.633
 3654.5 3518.11 3155.75 2796.02 2535.29 2345.59 2173.05 1964.09 1706.02 1552.34 1535.64 1492.46 1426.69 1371.78 1292.15 1221.32 1141.16 1082.96 983.091 874.596 831.872 877.582 1029.63 1149.46 1151.55 1159.9 1174.73 1144.42 1090.27 1074.23 1066.39 1056.19 1065.9 1058.42 1052.6 1125.51 1148.77 1160.7 1196.26 1199.68
#biomass_population
 6614.3 6103.47 5403 4837.25 4467.36 4167.9 3866.94 3463.64 2986.17 2825.06 2860.76 2741.81 2640.15 2526.7 2374.57 2248.01 2121.16 2004.82 1788.12 1616.87 1587.38 1750.08 2077.84 2203.32 2159.97 2201.1 2213.31 2117.43 2021.19 2027.54 1997.81 1993.09 2002.88 1946.45 1967.39 2081.06 2122.14 2171.27 2177.46 2182.31
#harvest_rate_region_bio
 0.057594 0.0650964 0.0742816 0.0803424 0.0795526 0.0789056 0.0895618 0.0954255 0.107875 0.0926299 0.0979681 0.110199 0.109671 0.115093 0.116414 0.141621 0.144922 0.139295 0.130662 0.138525 0.134185 0.107862 0.0933178 0.101958 0.111803 0.109844 0.101119 0.106689 0.0761702 0.0947312 0.0892233 0.0883513 0.0647849 0.0691272 0.0706914 0.059248 0.0555962 0.0853929 0.0643123 0.0597506
 0.0586222 0.0657792 0.0803936 0.0888748 0.0966166 0.0972748 0.111514 0.120791 0.114239 0.126226 0.121279 0.125754 0.133663 0.12874 0.130032 0.14535 0.147725 0.150759 0.16646 0.165186 0.162356 0.138801 0.118709 0.114403 0.123343 0.123606 0.12116 0.120319 0.125021 0.115623 0.117756 0.111843 0.0892688 0.0807346 0.044517 0.068176 0.0916039 0.0481735 0.0553399 0.042203
#depletion_region
 1 0.87349 0.759259 0.689654 0.652772 0.615688 0.572297 0.506641 0.432513 0.430005 0.447708 0.422105 0.409981 0.390203 0.365708 0.346881 0.331104 0.311461 0.271987 0.250787 0.255257 0.294783 0.354149 0.356059 0.340706 0.351778 0.350896 0.328741 0.314522 0.322087 0.314689 0.316543 0.316568 0.30003 0.309071 0.322845 0.328866 0.341431 0.331509 0.331993
 1 0.96268 0.863525 0.765089 0.693744 0.641836 0.594624 0.537443 0.466826 0.424774 0.420205 0.40839 0.390393 0.375367 0.353577 0.334195 0.31226 0.296336 0.269008 0.23932 0.22763 0.240137 0.281742 0.314533 0.315104 0.317391 0.321446 0.313155 0.298336 0.293948 0.291802 0.289011 0.291669 0.28962 0.288029 0.307978 0.314343 0.31761 0.32734 0.328274
#SSB_region
 1119.52 996.07 901.021 783.68 685.451 620.54 573.989 527.526 479.337 415.621 374.363 379.683 364.293 346.105 343.471 318.933 294.097 271.764 258.644 239.412 211.003 201.97 217.85 263.613 300.138 292.307 296.79 305.681 293.41 287.526 283.027 280.337 276.424 289.838 288.245 283.269 303.404 305.999 307.842 320.602
 1404.32 1401.08 1341.04 1195.3 1048.54 932.981 849.578 774.388 700.941 618.983 542.936 530.426 509.682 482.713 477.792 444.242 410.652 379.742 356.905 326.698 289.19 270.66 281.636 334.616 391.271 394.83 401.07 409.414 398.427 384.501 379.865 374.64 370.293 387.507 393.802 401.263 421.479 416.146 435.28 455.416
#Bratio_population
 1.82337 1.73185 1.61981 1.42974 1.25275 1.12236 1.02847 0.940584 0.852706 0.747462 0.662715 0.657519 0.631414 0.598789 0.593332 0.551366 0.509154 0.470689 0.444711 0.408993 0.361371 0.341458 0.360859 0.432198 0.499517 0.49643 0.504178 0.516629 0.499826 0.485515 0.478914 0.473196 0.467229 0.489356 0.492754 0.494548 0.523701 0.521722 0.536878 0.560643
#T_year
 0.7 0.3
 0.7 0.3
 0.7 0.3
 0.7 0.3
 0.7 0.3
 0.7 0.3
 0.7 0.3
 0.7 0.3
 0.7 0.3
 0.7 0.3
 0.7 0.3
 0.7 0.3
 0.7 0.3
 0.7 0.3
 0.7 0.3
 0.7 0.3
 0.7 0.3
 0.7 0.3
 0.7 0.3
 0.7 0.3
 0.7 0.3
 0.7 0.3
 0.7 0.3
 0.7 0.3
 0.7 0.3
 0.7 0.3
 0.7 0.3
 0.7 0.3
 0.7 0.3
 0.7 0.3
 0.7 0.3
 0.7 0.3
 0.7 0.3
 0.7 0.3
 0.7 0.3
 0.7 0.3
 0.7 0.3
 0.7 0.3
 0.7 0.3
 0.7 0.3
 0.2 0.8
 0.2 0.8
 0.2 0.8
 0.2 0.8
 0.2 0.8
 0.2 0.8
 0.2 0.8
 0.2 0.8
 0.2 0.8
 0.2 0.8
 0.2 0.8
 0.2 0.8
 0.2 0.8
 0.2 0.8
 0.2 0.8
 0.2 0.8
 0.2 0.8
 0.2 0.8
 0.2 0.8
 0.2 0.8
 0.2 0.8
 0.2 0.8
 0.2 0.8
 0.2 0.8
 0.2 0.8
 0.2 0.8
 0.2 0.8
 0.2 0.8
 0.2 0.8
 0.2 0.8
 0.2 0.8
 0.2 0.8
 0.2 0.8
 0.2 0.8
 0.2 0.8
 0.2 0.8
 0.2 0.8
 0.2 0.8
 0.2 0.8
 0.2 0.8
#selectivity_age
 0.0831727
 0.167982
 0.310026
 0.5
 0.689974
 0.832018
 0.916827
 0.960834
 0.982014
 0.991837
 0.996316
 0.998341
 0.999254
 0.999665
 0.999849
 0.0831727
 0.167982
 0.310026
 0.5
 0.689974
 0.832018
 0.916827
 0.960834
 0.982014
 0.991837
 0.996316
 0.998341
 0.999254
 0.999665
 0.999849
#survey_selectivity_age
 0.0831727
 0.167982
 0.310026
 0.5
 0.689974
 0.832018
 0.916827
 0.960834
 0.982014
 0.991837
 0.996316
 0.998341
 0.999254
 0.999665
 0.999849
 0.0831727
 0.167982
 0.310026
 0.5
 0.689974
 0.832018
 0.916827
 0.960834
 0.982014
 0.991837
 0.996316
 0.998341
 0.999254
 0.999665
 0.999849
#debug
1541
