# Number of parameters = 100  Objective function value = 55590.6  Maximum gradient component = 0.0126323
# ln_T_est_pop:
 0.00000
 0.00000
 0.00000
 0.00000
 0.00000
 0.00000
 0.00000
 0.00000
 0.00000
 0.00000
 0.00000
 0.00000
 0.00000
 0.00000
 0.00000
 0.00000
 0.00000
 0.00000
 0.00000
 0.00000
 0.00000
 0.00000
 0.00000
 0.00000
 0.00000
 0.00000
 0.00000
 0.00000
 0.00000
 0.00000
 0.00000
 0.00000
 0.00000
 0.00000
 0.00000
 0.00000
 0.00000
 0.00000
 0.00000
 0.00000
# ln_T_CNST_pop:
 0.00000
# ln_T_est_reg:
 0.00000
 0.00000
 0.00000
 0.00000
 0.00000
 0.00000
 0.00000
 0.00000
 0.00000
 0.00000
 0.00000
 0.00000
 0.00000
 0.00000
 0.00000
 0.00000
 0.00000
 0.00000
 0.00000
 0.00000
 0.00000
 0.00000
 0.00000
 0.00000
 0.00000
 0.00000
 0.00000
 0.00000
 0.00000
 0.00000
 0.00000
 0.00000
 0.00000
 0.00000
 0.00000
 0.00000
 0.00000
 0.00000
 0.00000
 0.00000
 0.00000
 0.00000
 0.00000
 0.00000
 0.00000
 0.00000
 0.00000
 0.00000
 0.00000
 0.00000
 0.00000
 0.00000
 0.00000
 0.00000
 0.00000
 0.00000
 0.00000
 0.00000
 0.00000
 0.00000
 0.00000
 0.00000
 0.00000
 0.00000
 0.00000
 0.00000
 0.00000
 0.00000
 0.00000
 0.00000
 0.00000
 0.00000
 0.00000
 0.00000
 0.00000
 0.00000
 0.00000
 0.00000
 0.00000
 0.00000
# ln_T_CNST_reg:
 6.57584
 1.02990
# log_sel_beta1:
 0.00000
 0.00000
# log_sel_beta2:
 0.00000
 0.00000
# log_sel_beta3:
 0.00000
 0.00000
# log_sel_beta4:
 0.00000
 0.00000
# log_sel_beta1surv:
 -0.420687
# log_sel_beta2surv:
 1.95520
# log_sel_beta3surv:
 -2.50000
# log_sel_beta4surv:
 -2.50000
# ln_q:
 1.52905
# ln_F:
 -1.43102
 -1.36489
 -1.11455
 -1.11153
 -1.09101
 -1.03029
 -0.912988
 -0.850148
 -0.928451
 -0.865074
 -0.767187
 -0.712933
 -0.701914
 -0.681207
 -0.685287
 -0.587843
 -0.600151
 -0.590294
 -0.562382
 -0.595847
 -0.512036
 -0.587637
 -0.777701
 -0.760583
 -0.756272
 -0.788467
 -0.770761
 -0.789686
 -0.996025
 -0.931277
 -0.845491
 -0.707554
 -0.824084
 -0.754192
 -0.894696
 -0.406668
 -0.528515
 -1.52961
 -2.26327
 -2.87055
# F_rho:
 1.00000
# ln_rec_prop:
 -2.00000 -2.00000
# ln_rec_prop_year:
 0.00000 0.00000 0.00000 0.00000 0.00000 0.00000 0.00000 0.00000 0.00000 0.00000 0.00000 0.00000 0.00000 0.00000 0.00000 0.00000 0.00000 0.00000 0.00000 0.00000 0.00000 0.00000 0.00000 0.00000 0.00000 0.00000 0.00000 0.00000 0.00000 0.00000 0.00000 0.00000 0.00000 0.00000 0.00000 0.00000 0.00000 0.00000 0.00000 0.00000
 0.00000 0.00000 0.00000 0.00000 0.00000 0.00000 0.00000 0.00000 0.00000 0.00000 0.00000 0.00000 0.00000 0.00000 0.00000 0.00000 0.00000 0.00000 0.00000 0.00000 0.00000 0.00000 0.00000 0.00000 0.00000 0.00000 0.00000 0.00000 0.00000 0.00000 0.00000 0.00000 0.00000 0.00000 0.00000 0.00000 0.00000 0.00000 0.00000 0.00000
# ln_rec_devs_RN:
 0.377460 0.403139 -0.0453535 -0.0177731 -0.0974913 -0.406378 -0.732354 -1.00756 -1.11520 -1.20912 -1.18986 -0.993105 -1.07902 -0.892717 -0.920171 2.31219 -0.967782 1.84346 0.552992 2.12809 0.261333 -0.214843 -0.370204 2.06048 1.71816 0.684176 0.554998 1.16250 0.406308 0.114121 1.69543 -0.687931 -1.40646 -0.253478 1.12395 2.24744 0.655080 -0.909872 1.08123 -0.476835 1.75921 -1.87588 -1.02834 -0.893717 -4.10494 0.242597 -5.20633 -3.63393 -1.66552 -4.12799 6.50173 4.31471 0.0167981 -1.00741
# ln_R_ave:
 7.01728
# steep:
 0.814000
